1 1 1 2 3
2 2 46 47 48
3 2 2 3 4
4 2 3 4 5
5 2 4 5 6
6 2 5 6 7
7 2 6 7 8
8 2 7 8 9
9 2 8 9 10
10 2 9 10 11
11 2 10 11 12
12 2 11 12 13
13 2 12 13 14
14 2 13 14 15
15 2 14 15 16
16 2 15 16 17
17 2 16 17 18
18 2 17 18 19
19 2 18 19 20
20 2 19 20 21
21 2 20 21 22
22 2 21 22 23
23 2 22 23 24
24 2 23 24 25
25 2 24 25 26
26 2 25 26 27
27 2 26 27 28
28 2 27 28 29
29 2 28 29 30
30 2 29 30 31
31 2 30 31 32
32 2 31 32 33
33 2 32 33 34
34 2 33 34 35
35 2 34 35 36
36 2 35 36 37
37 2 36 37 38
38 2 37 38 39
39 2 38 39 40
40 2 39 40 41
41 2 40 41 42
42 2 41 42 43
43 2 42 43 44
44 2 43 44 45
45 2 44 45 46
46 2 45 46 47
