1 1 3 0. -8.177 0.259 0.0
2 1 1 0. -7.159 -0.303 0.0
3 2 1 0. -5.117 -0.303 0.0
4 2 1 0. -4.093 0.259 0.0
5 3 1 0. -3.075 0.303 -3.71067980142e-17
6 3 1 0. -2.051 -0.259 3.17183520979e-17
7 4 1 0. -1.033 -0.303 7.42135960283e-17
8 4 1 0. -0.009 0.259 -6.34367041958e-17
9 5 1 0. 1.009 0.303 -1.11320394042e-16
10 5 1 0. 2.033 -0.259 9.51550562937e-17
11 6 1 0. 3.051 -0.303 1.48427192057e-16
12 6 1 0. 4.075 0.259 -1.26873408392e-16
13 7 1 0. 5.093 0.303 -1.85533990071e-16
14 7 1 0. 6.117 -0.259 1.5859176049e-16
15 8 1 0. 7.135 -0.303 2.22640788085e-16
16 8 1 0. 8.159 0.259 -1.90310112587e-16
17 9 1 0. 9.177 0.303 -2.59747586099e-16
18 9 1 0. 10.201 -0.259 2.22028464685e-16
19 10 1 0. 11.219 -0.303 2.96854384113e-16
20 10 1 0. 12.243 0.259 -2.53746816783e-16
21 11 1 0. 13.261 0.303 -3.33961182127e-16
22 11 1 0. 14.285 -0.259 2.85465168881e-16
23 12 1 0. 15.303 -0.303 3.71067980142e-16
24 12 1 0. 16.327 0.259 -3.17183520979e-16
25 13 1 0. 17.345 0.303 -4.08174778156e-16
26 13 1 0. 18.369 -0.259 3.48901873077e-16
27 14 1 0. 19.387 -0.303 4.4528157617e-16
28 14 1 0. 20.411 0.259 -3.80620225175e-16
29 15 1 0. 21.429 0.303 -4.82388374184e-16
30 15 1 0. 22.453 -0.259 4.12338577273e-16
31 16 1 0. 23.471 -0.303 5.19495172198e-16
32 16 1 0. 24.495 0.259 -4.44056929371e-16
33 17 1 0. 25.513 0.303 -5.56601970212e-16
34 17 1 0. 26.537 -0.259 4.75775281469e-16
35 18 1 0. 27.555 -0.303 5.93708768227e-16
36 18 1 0. 28.579 0.259 -5.07493633567e-16
37 19 1 0. 29.597 0.303 -6.30815566241e-16
38 19 1 0. 30.621 -0.259 5.39211985665e-16
39 20 1 0. 31.639 -0.303 6.67922364255e-16
40 20 1 0. 32.663 0.259 -5.70930337762e-16
41 21 1 0. 33.681 0.303 -7.05029162269e-16
42 21 1 0. 34.705 -0.259 6.0264868986e-16
43 22 1 0. 35.723 -0.303 7.42135960283e-16
44 22 1 0. 36.747 0.259 -6.34367041958e-16
45 23 1 0. 37.765 0.303 -7.79242758297e-16
46 23 1 0. 38.789 -0.259 6.66085394056e-16
47 24 1 0. 38.903 -0.303 0.0
48 24 2 0. 39.93 0.259 0.0
