1 1 1 2 3 4
2 2 45 46 47 48
3 2 2 3 4 5
4 2 3 4 5 6
5 2 4 5 6 7
6 2 5 6 7 8
7 2 6 7 8 9
8 2 7 8 9 10
9 2 8 9 10 11
10 2 9 10 11 12
11 2 10 11 12 13
12 2 11 12 13 14
13 2 12 13 14 15
14 2 13 14 15 16
15 2 14 15 16 17
16 2 15 16 17 18
17 2 16 17 18 19
18 2 17 18 19 20
19 2 18 19 20 21
20 2 19 20 21 22
21 2 20 21 22 23
22 2 21 22 23 24
23 2 22 23 24 25
24 2 23 24 25 26
25 2 24 25 26 27
26 2 25 26 27 28
27 2 26 27 28 29
28 2 27 28 29 30
29 2 28 29 30 31
30 2 29 30 31 32
31 2 30 31 32 33
32 2 31 32 33 34
33 2 32 33 34 35
34 2 33 34 35 36
35 2 34 35 36 37
36 2 35 36 37 38
37 2 36 37 38 39
38 2 37 38 39 40
39 2 38 39 40 41
40 2 39 40 41 42
41 2 40 41 42 43
42 2 41 42 43 44
43 2 42 43 44 45
44 2 43 44 45 46
45 2 44 45 46 47
