1 1 2 1 4
2 2 1 2 3
3 3 2 3 5
4 1 7 6 9
5 2 6 7 8
6 3 7 8 10
7 1 12 11 14
8 2 11 12 13
9 3 12 13 15
10 1 17 16 19
11 2 16 17 18
12 3 17 18 20
13 1 22 21 24
14 2 21 22 23
15 3 22 23 25
16 1 27 26 29
17 2 26 27 28
18 3 27 28 30
19 1 32 31 34
20 2 31 32 33
21 3 32 33 35
22 1 37 36 39
23 2 36 37 38
24 3 37 38 40
25 1 42 41 44
26 2 41 42 43
27 3 42 43 45
28 1 47 46 49
29 2 46 47 48
30 3 47 48 50
31 1 52 51 54
32 2 51 52 53
33 3 52 53 55
34 1 57 56 59
35 2 56 57 58
36 3 57 58 60
37 1 62 61 64
38 2 61 62 63
39 3 62 63 65
40 1 67 66 69
41 2 66 67 68
42 3 67 68 70
43 1 72 71 74
44 2 71 72 73
45 3 72 73 75
46 1 77 76 79
47 2 76 77 78
48 3 77 78 80
49 1 82 81 84
50 2 81 82 83
51 3 82 83 85
52 1 87 86 89
53 2 86 87 88
54 3 87 88 90
55 1 92 91 94
56 2 91 92 93
57 3 92 93 95
58 1 97 96 99
59 2 96 97 98
60 3 97 98 100
61 1 102 101 104
62 2 101 102 103
63 3 102 103 105
64 1 107 106 109
65 2 106 107 108
66 3 107 108 110
67 1 112 111 114
68 2 111 112 113
69 3 112 113 115
70 1 117 116 119
71 2 116 117 118
72 3 117 118 120
73 1 122 121 124
74 2 121 122 123
75 3 122 123 125
76 1 127 126 129
77 2 126 127 128
78 3 127 128 130
79 1 132 131 134
80 2 131 132 133
81 3 132 133 135
82 1 137 136 139
83 2 136 137 138
84 3 137 138 140
85 1 142 141 144
86 2 141 142 143
87 3 142 143 145
88 1 147 146 149
89 2 146 147 148
90 3 147 148 150
91 1 152 151 154
92 2 151 152 153
93 3 152 153 155
94 1 157 156 159
95 2 156 157 158
96 3 157 158 160
97 1 162 161 164
98 2 161 162 163
99 3 162 163 165
100 1 167 166 169
101 2 166 167 168
102 3 167 168 170
103 1 172 171 174
104 2 171 172 173
105 3 172 173 175
106 1 177 176 179
107 2 176 177 178
108 3 177 178 180
109 1 182 181 184
110 2 181 182 183
111 3 182 183 185
112 1 187 186 189
113 2 186 187 188
114 3 187 188 190
115 1 192 191 194
116 2 191 192 193
117 3 192 193 195
118 1 197 196 199
119 2 196 197 198
120 3 197 198 200
121 1 202 201 204
122 2 201 202 203
123 3 202 203 205
124 1 207 206 209
125 2 206 207 208
126 3 207 208 210
127 1 212 211 214
128 2 211 212 213
129 3 212 213 215
130 1 217 216 219
131 2 216 217 218
132 3 217 218 220
133 1 222 221 224
134 2 221 222 223
135 3 222 223 225
136 1 227 226 229
137 2 226 227 228
138 3 227 228 230
139 1 232 231 234
140 2 231 232 233
141 3 232 233 235
142 1 237 236 239
143 2 236 237 238
144 3 237 238 240
145 1 242 241 244
146 2 241 242 243
147 3 242 243 245
148 1 247 246 249
149 2 246 247 248
150 3 247 248 250
151 1 252 251 254
152 2 251 252 253
153 3 252 253 255
154 1 257 256 259
155 2 256 257 258
156 3 257 258 260
157 1 262 261 264
158 2 261 262 263
159 3 262 263 265
160 1 267 266 269
161 2 266 267 268
162 3 267 268 270
163 1 272 271 274
164 2 271 272 273
165 3 272 273 275
166 1 277 276 279
167 2 276 277 278
168 3 277 278 280
169 1 282 281 284
170 2 281 282 283
171 3 282 283 285
172 1 287 286 289
173 2 286 287 288
174 3 287 288 290
175 1 292 291 294
176 2 291 292 293
177 3 292 293 295
178 1 297 296 299
179 2 296 297 298
180 3 297 298 300
181 1 302 301 304
182 2 301 302 303
183 3 302 303 305
184 1 307 306 309
185 2 306 307 308
186 3 307 308 310
187 1 312 311 314
188 2 311 312 313
189 3 312 313 315
190 1 317 316 319
191 2 316 317 318
192 3 317 318 320
193 1 322 321 324
194 2 321 322 323
195 3 322 323 325
196 1 327 326 329
197 2 326 327 328
198 3 327 328 330
199 1 332 331 334
200 2 331 332 333
201 3 332 333 335
202 1 337 336 339
203 2 336 337 338
204 3 337 338 340
205 1 342 341 344
206 2 341 342 343
207 3 342 343 345
208 1 347 346 349
209 2 346 347 348
210 3 347 348 350
211 1 352 351 354
212 2 351 352 353
213 3 352 353 355
214 1 357 356 359
215 2 356 357 358
216 3 357 358 360
217 1 362 361 364
218 2 361 362 363
219 3 362 363 365
220 1 367 366 369
221 2 366 367 368
222 3 367 368 370
223 1 372 371 374
224 2 371 372 373
225 3 372 373 375
226 1 377 376 379
227 2 376 377 378
228 3 377 378 380
229 1 382 381 384
230 2 381 382 383
231 3 382 383 385
232 1 387 386 389
233 2 386 387 388
234 3 387 388 390
235 1 392 391 394
236 2 391 392 393
237 3 392 393 395
238 1 397 396 399
239 2 396 397 398
240 3 397 398 400
241 1 402 401 404
242 2 401 402 403
243 3 402 403 405
244 1 407 406 409
245 2 406 407 408
246 3 407 408 410
247 1 412 411 414
248 2 411 412 413
249 3 412 413 415
250 1 417 416 419
251 2 416 417 418
252 3 417 418 420
253 1 422 421 424
254 2 421 422 423
255 3 422 423 425
256 1 427 426 429
257 2 426 427 428
258 3 427 428 430
259 1 432 431 434
260 2 431 432 433
261 3 432 433 435
262 1 437 436 439
263 2 436 437 438
264 3 437 438 440
265 1 442 441 444
266 2 441 442 443
267 3 442 443 445
268 1 447 446 449
269 2 446 447 448
270 3 447 448 450
271 1 452 451 454
272 2 451 452 453
273 3 452 453 455
274 1 457 456 459
275 2 456 457 458
276 3 457 458 460
277 1 462 461 464
278 2 461 462 463
279 3 462 463 465
280 1 467 466 469
281 2 466 467 468
282 3 467 468 470
283 1 472 471 474
284 2 471 472 473
285 3 472 473 475
286 1 477 476 479
287 2 476 477 478
288 3 477 478 480
289 1 482 481 484
290 2 481 482 483
291 3 482 483 485
292 1 487 486 489
293 2 486 487 488
294 3 487 488 490
295 1 492 491 494
296 2 491 492 493
297 3 492 493 495
298 1 497 496 499
299 2 496 497 498
300 3 497 498 500
301 1 502 501 504
302 2 501 502 503
303 3 502 503 505
304 1 507 506 509
305 2 506 507 508
306 3 507 508 510
307 1 512 511 514
308 2 511 512 513
309 3 512 513 515
310 1 517 516 519
311 2 516 517 518
312 3 517 518 520
313 1 522 521 524
314 2 521 522 523
315 3 522 523 525
316 1 527 526 529
317 2 526 527 528
318 3 527 528 530
319 1 532 531 534
320 2 531 532 533
321 3 532 533 535
322 1 537 536 539
323 2 536 537 538
324 3 537 538 540
325 1 542 541 544
326 2 541 542 543
327 3 542 543 545
328 1 547 546 549
329 2 546 547 548
330 3 547 548 550
331 1 552 551 554
332 2 551 552 553
333 3 552 553 555
334 1 557 556 559
335 2 556 557 558
336 3 557 558 560
337 1 562 561 564
338 2 561 562 563
339 3 562 563 565
340 1 567 566 569
341 2 566 567 568
342 3 567 568 570
343 1 572 571 574
344 2 571 572 573
345 3 572 573 575
346 1 577 576 579
347 2 576 577 578
348 3 577 578 580
349 1 582 581 584
350 2 581 582 583
351 3 582 583 585
352 1 587 586 589
353 2 586 587 588
354 3 587 588 590
355 1 592 591 594
356 2 591 592 593
357 3 592 593 595
358 1 597 596 599
359 2 596 597 598
360 3 597 598 600
361 1 602 601 604
362 2 601 602 603
363 3 602 603 605
364 1 607 606 609
365 2 606 607 608
366 3 607 608 610
367 1 612 611 614
368 2 611 612 613
369 3 612 613 615
370 1 617 616 619
371 2 616 617 618
372 3 617 618 620
373 1 622 621 624
374 2 621 622 623
375 3 622 623 625
376 1 627 626 629
377 2 626 627 628
378 3 627 628 630
379 1 632 631 634
380 2 631 632 633
381 3 632 633 635
382 1 637 636 639
383 2 636 637 638
384 3 637 638 640
385 1 642 641 644
386 2 641 642 643
387 3 642 643 645
388 1 647 646 649
389 2 646 647 648
390 3 647 648 650
391 1 652 651 654
392 2 651 652 653
393 3 652 653 655
394 1 657 656 659
395 2 656 657 658
396 3 657 658 660
397 1 662 661 664
398 2 661 662 663
399 3 662 663 665
400 1 667 666 669
401 2 666 667 668
402 3 667 668 670
403 1 672 671 674
404 2 671 672 673
405 3 672 673 675
406 1 677 676 679
407 2 676 677 678
408 3 677 678 680
409 1 682 681 684
410 2 681 682 683
411 3 682 683 685
412 1 687 686 689
413 2 686 687 688
414 3 687 688 690
415 1 692 691 694
416 2 691 692 693
417 3 692 693 695
418 1 697 696 699
419 2 696 697 698
420 3 697 698 700
421 1 702 701 704
422 2 701 702 703
423 3 702 703 705
424 1 707 706 709
425 2 706 707 708
426 3 707 708 710
427 1 712 711 714
428 2 711 712 713
429 3 712 713 715
430 1 717 716 719
431 2 716 717 718
432 3 717 718 720
433 1 722 721 724
434 2 721 722 723
435 3 722 723 725
436 1 727 726 729
437 2 726 727 728
438 3 727 728 730
439 1 732 731 734
440 2 731 732 733
441 3 732 733 735
442 1 737 736 739
443 2 736 737 738
444 3 737 738 740
445 1 742 741 744
446 2 741 742 743
447 3 742 743 745
448 1 747 746 749
449 2 746 747 748
450 3 747 748 750
451 1 752 751 754
452 2 751 752 753
453 3 752 753 755
454 1 757 756 759
455 2 756 757 758
456 3 757 758 760
457 1 762 761 764
458 2 761 762 763
459 3 762 763 765
460 1 767 766 769
461 2 766 767 768
462 3 767 768 770
463 1 772 771 774
464 2 771 772 773
465 3 772 773 775
466 1 777 776 779
467 2 776 777 778
468 3 777 778 780
469 1 782 781 784
470 2 781 782 783
471 3 782 783 785
472 1 787 786 789
473 2 786 787 788
474 3 787 788 790
475 1 792 791 794
476 2 791 792 793
477 3 792 793 795
478 1 797 796 799
479 2 796 797 798
480 3 797 798 800
481 1 802 801 804
482 2 801 802 803
483 3 802 803 805
484 1 807 806 809
485 2 806 807 808
486 3 807 808 810
487 1 812 811 814
488 2 811 812 813
489 3 812 813 815
490 1 817 816 819
491 2 816 817 818
492 3 817 818 820
493 1 822 821 824
494 2 821 822 823
495 3 822 823 825
496 1 827 826 829
497 2 826 827 828
498 3 827 828 830
499 1 832 831 834
500 2 831 832 833
501 3 832 833 835
502 1 837 836 839
503 2 836 837 838
504 3 837 838 840
505 1 842 841 844
506 2 841 842 843
507 3 842 843 845
508 1 847 846 849
509 2 846 847 848
510 3 847 848 850
511 1 852 851 854
512 2 851 852 853
513 3 852 853 855
514 1 857 856 859
515 2 856 857 858
516 3 857 858 860
517 1 862 861 864
518 2 861 862 863
519 3 862 863 865
520 1 867 866 869
521 2 866 867 868
522 3 867 868 870
523 1 872 871 874
524 2 871 872 873
525 3 872 873 875
526 1 877 876 879
527 2 876 877 878
528 3 877 878 880
529 1 882 881 884
530 2 881 882 883
531 3 882 883 885
532 1 887 886 889
533 2 886 887 888
534 3 887 888 890
535 1 892 891 894
536 2 891 892 893
537 3 892 893 895
538 1 897 896 899
539 2 896 897 898
540 3 897 898 900
541 1 902 901 904
542 2 901 902 903
543 3 902 903 905
544 1 907 906 909
545 2 906 907 908
546 3 907 908 910
547 1 912 911 914
548 2 911 912 913
549 3 912 913 915
550 1 917 916 919
551 2 916 917 918
552 3 917 918 920
553 1 922 921 924
554 2 921 922 923
555 3 922 923 925
556 1 927 926 929
557 2 926 927 928
558 3 927 928 930
559 1 932 931 934
560 2 931 932 933
561 3 932 933 935
562 1 937 936 939
563 2 936 937 938
564 3 937 938 940
565 1 942 941 944
566 2 941 942 943
567 3 942 943 945
568 1 947 946 949
569 2 946 947 948
570 3 947 948 950
571 1 952 951 954
572 2 951 952 953
573 3 952 953 955
574 1 957 956 959
575 2 956 957 958
576 3 957 958 960
577 1 962 961 964
578 2 961 962 963
579 3 962 963 965
580 1 967 966 969
581 2 966 967 968
582 3 967 968 970
583 1 972 971 974
584 2 971 972 973
585 3 972 973 975
586 1 977 976 979
587 2 976 977 978
588 3 977 978 980
589 1 982 981 984
590 2 981 982 983
591 3 982 983 985
592 1 987 986 989
593 2 986 987 988
594 3 987 988 990
595 1 992 991 994
596 2 991 992 993
597 3 992 993 995
598 1 997 996 999
599 2 996 997 998
600 3 997 998 1000
601 1 1002 1001 1004
602 2 1001 1002 1003
603 3 1002 1003 1005
604 1 1007 1006 1009
605 2 1006 1007 1008
606 3 1007 1008 1010
607 1 1012 1011 1014
608 2 1011 1012 1013
609 3 1012 1013 1015
610 1 1017 1016 1019
611 2 1016 1017 1018
612 3 1017 1018 1020
613 1 1022 1021 1024
614 2 1021 1022 1023
615 3 1022 1023 1025
616 1 1027 1026 1029
617 2 1026 1027 1028
618 3 1027 1028 1030
619 1 1032 1031 1034
620 2 1031 1032 1033
621 3 1032 1033 1035
622 1 1037 1036 1039
623 2 1036 1037 1038
624 3 1037 1038 1040
625 1 1042 1041 1044
626 2 1041 1042 1043
627 3 1042 1043 1045
628 1 1047 1046 1049
629 2 1046 1047 1048
630 3 1047 1048 1050
631 1 1052 1051 1054
632 2 1051 1052 1053
633 3 1052 1053 1055
634 1 1057 1056 1059
635 2 1056 1057 1058
636 3 1057 1058 1060
637 1 1062 1061 1064
638 2 1061 1062 1063
639 3 1062 1063 1065
640 1 1067 1066 1069
641 2 1066 1067 1068
642 3 1067 1068 1070
643 1 1072 1071 1074
644 2 1071 1072 1073
645 3 1072 1073 1075
646 1 1077 1076 1079
647 2 1076 1077 1078
648 3 1077 1078 1080
649 1 1082 1081 1084
650 2 1081 1082 1083
651 3 1082 1083 1085
652 1 1087 1086 1089
653 2 1086 1087 1088
654 3 1087 1088 1090
655 1 1092 1091 1094
656 2 1091 1092 1093
657 3 1092 1093 1095
658 1 1097 1096 1099
659 2 1096 1097 1098
660 3 1097 1098 1100
661 1 1102 1101 1104
662 2 1101 1102 1103
663 3 1102 1103 1105
664 1 1107 1106 1109
665 2 1106 1107 1108
666 3 1107 1108 1110
667 1 1112 1111 1114
668 2 1111 1112 1113
669 3 1112 1113 1115
670 1 1117 1116 1119
671 2 1116 1117 1118
672 3 1117 1118 1120
673 1 1122 1121 1124
674 2 1121 1122 1123
675 3 1122 1123 1125
676 1 1127 1126 1129
677 2 1126 1127 1128
678 3 1127 1128 1130
679 1 1132 1131 1134
680 2 1131 1132 1133
681 3 1132 1133 1135
682 1 1137 1136 1139
683 2 1136 1137 1138
684 3 1137 1138 1140
685 1 1142 1141 1144
686 2 1141 1142 1143
687 3 1142 1143 1145
688 1 1147 1146 1149
689 2 1146 1147 1148
690 3 1147 1148 1150
691 1 1152 1151 1154
692 2 1151 1152 1153
693 3 1152 1153 1155
694 1 1157 1156 1159
695 2 1156 1157 1158
696 3 1157 1158 1160
697 1 1162 1161 1164
698 2 1161 1162 1163
699 3 1162 1163 1165
700 1 1167 1166 1169
701 2 1166 1167 1168
702 3 1167 1168 1170
703 1 1172 1171 1174
704 2 1171 1172 1173
705 3 1172 1173 1175
706 1 1177 1176 1179
707 2 1176 1177 1178
708 3 1177 1178 1180
709 1 1182 1181 1184
710 2 1181 1182 1183
711 3 1182 1183 1185
712 1 1187 1186 1189
713 2 1186 1187 1188
714 3 1187 1188 1190
715 1 1192 1191 1194
716 2 1191 1192 1193
717 3 1192 1193 1195
718 1 1197 1196 1199
719 2 1196 1197 1198
720 3 1197 1198 1200
721 1 1202 1201 1204
722 2 1201 1202 1203
723 3 1202 1203 1205
724 1 1207 1206 1209
725 2 1206 1207 1208
726 3 1207 1208 1210
727 1 1212 1211 1214
728 2 1211 1212 1213
729 3 1212 1213 1215
730 1 1217 1216 1219
731 2 1216 1217 1218
732 3 1217 1218 1220
733 1 1222 1221 1224
734 2 1221 1222 1223
735 3 1222 1223 1225
736 1 1227 1226 1229
737 2 1226 1227 1228
738 3 1227 1228 1230
739 1 1232 1231 1234
740 2 1231 1232 1233
741 3 1232 1233 1235
742 1 1237 1236 1239
743 2 1236 1237 1238
744 3 1237 1238 1240
745 1 1242 1241 1244
746 2 1241 1242 1243
747 3 1242 1243 1245
748 1 1247 1246 1249
749 2 1246 1247 1248
750 3 1247 1248 1250
751 1 1252 1251 1254
752 2 1251 1252 1253
753 3 1252 1253 1255
754 1 1257 1256 1259
755 2 1256 1257 1258
756 3 1257 1258 1260
757 1 1262 1261 1264
758 2 1261 1262 1263
759 3 1262 1263 1265
760 1 1267 1266 1269
761 2 1266 1267 1268
762 3 1267 1268 1270
763 1 1272 1271 1274
764 2 1271 1272 1273
765 3 1272 1273 1275
766 1 1277 1276 1279
767 2 1276 1277 1278
768 3 1277 1278 1280
769 1 1282 1281 1284
770 2 1281 1282 1283
771 3 1282 1283 1285
772 1 1287 1286 1289
773 2 1286 1287 1288
774 3 1287 1288 1290
775 1 1292 1291 1294
776 2 1291 1292 1293
777 3 1292 1293 1295
778 1 1297 1296 1299
779 2 1296 1297 1298
780 3 1297 1298 1300
781 1 1302 1301 1304
782 2 1301 1302 1303
783 3 1302 1303 1305
784 1 1307 1306 1309
785 2 1306 1307 1308
786 3 1307 1308 1310
787 1 1312 1311 1314
788 2 1311 1312 1313
789 3 1312 1313 1315
790 1 1317 1316 1319
791 2 1316 1317 1318
792 3 1317 1318 1320
793 1 1322 1321 1324
794 2 1321 1322 1323
795 3 1322 1323 1325
796 1 1327 1326 1329
797 2 1326 1327 1328
798 3 1327 1328 1330
799 1 1332 1331 1334
800 2 1331 1332 1333
801 3 1332 1333 1335
802 1 1337 1336 1339
803 2 1336 1337 1338
804 3 1337 1338 1340
805 1 1342 1341 1344
806 2 1341 1342 1343
807 3 1342 1343 1345
808 1 1347 1346 1349
809 2 1346 1347 1348
810 3 1347 1348 1350
811 1 1352 1351 1354
812 2 1351 1352 1353
813 3 1352 1353 1355
814 1 1357 1356 1359
815 2 1356 1357 1358
816 3 1357 1358 1360
817 1 1362 1361 1364
818 2 1361 1362 1363
819 3 1362 1363 1365
820 1 1367 1366 1369
821 2 1366 1367 1368
822 3 1367 1368 1370
823 1 1372 1371 1374
824 2 1371 1372 1373
825 3 1372 1373 1375
826 1 1377 1376 1379
827 2 1376 1377 1378
828 3 1377 1378 1380
829 1 1382 1381 1384
830 2 1381 1382 1383
831 3 1382 1383 1385
832 1 1387 1386 1389
833 2 1386 1387 1388
834 3 1387 1388 1390
835 1 1392 1391 1394
836 2 1391 1392 1393
837 3 1392 1393 1395
838 1 1397 1396 1399
839 2 1396 1397 1398
840 3 1397 1398 1400
841 1 1402 1401 1404
842 2 1401 1402 1403
843 3 1402 1403 1405
844 1 1407 1406 1409
845 2 1406 1407 1408
846 3 1407 1408 1410
847 1 1412 1411 1414
848 2 1411 1412 1413
849 3 1412 1413 1415
850 1 1417 1416 1419
851 2 1416 1417 1418
852 3 1417 1418 1420
853 1 1422 1421 1424
854 2 1421 1422 1423
855 3 1422 1423 1425
856 1 1427 1426 1429
857 2 1426 1427 1428
858 3 1427 1428 1430
859 1 1432 1431 1434
860 2 1431 1432 1433
861 3 1432 1433 1435
862 1 1437 1436 1439
863 2 1436 1437 1438
864 3 1437 1438 1440
865 1 1442 1441 1444
866 2 1441 1442 1443
867 3 1442 1443 1445
868 1 1447 1446 1449
869 2 1446 1447 1448
870 3 1447 1448 1450
871 1 1452 1451 1454
872 2 1451 1452 1453
873 3 1452 1453 1455
874 1 1457 1456 1459
875 2 1456 1457 1458
876 3 1457 1458 1460
877 1 1462 1461 1464
878 2 1461 1462 1463
879 3 1462 1463 1465
880 1 1467 1466 1469
881 2 1466 1467 1468
882 3 1467 1468 1470
883 1 1472 1471 1474
884 2 1471 1472 1473
885 3 1472 1473 1475
886 1 1477 1476 1479
887 2 1476 1477 1478
888 3 1477 1478 1480
889 1 1482 1481 1484
890 2 1481 1482 1483
891 3 1482 1483 1485
892 1 1487 1486 1489
893 2 1486 1487 1488
894 3 1487 1488 1490
895 1 1492 1491 1494
896 2 1491 1492 1493
897 3 1492 1493 1495
898 1 1497 1496 1499
899 2 1496 1497 1498
900 3 1497 1498 1500
901 1 1502 1501 1504
902 2 1501 1502 1503
903 3 1502 1503 1505
904 1 1507 1506 1509
905 2 1506 1507 1508
906 3 1507 1508 1510
907 1 1512 1511 1514
908 2 1511 1512 1513
909 3 1512 1513 1515
910 1 1517 1516 1519
911 2 1516 1517 1518
912 3 1517 1518 1520
913 1 1522 1521 1524
914 2 1521 1522 1523
915 3 1522 1523 1525
916 1 1527 1526 1529
917 2 1526 1527 1528
918 3 1527 1528 1530
919 1 1532 1531 1534
920 2 1531 1532 1533
921 3 1532 1533 1535
922 1 1537 1536 1539
923 2 1536 1537 1538
924 3 1537 1538 1540
925 1 1542 1541 1544
926 2 1541 1542 1543
927 3 1542 1543 1545
928 1 1547 1546 1549
929 2 1546 1547 1548
930 3 1547 1548 1550
931 1 1552 1551 1554
932 2 1551 1552 1553
933 3 1552 1553 1555
934 1 1557 1556 1559
935 2 1556 1557 1558
936 3 1557 1558 1560
937 1 1562 1561 1564
938 2 1561 1562 1563
939 3 1562 1563 1565
940 1 1567 1566 1569
941 2 1566 1567 1568
942 3 1567 1568 1570
943 1 1572 1571 1574
944 2 1571 1572 1573
945 3 1572 1573 1575
946 1 1577 1576 1579
947 2 1576 1577 1578
948 3 1577 1578 1580
949 1 1582 1581 1584
950 2 1581 1582 1583
951 3 1582 1583 1585
952 1 1587 1586 1589
953 2 1586 1587 1588
954 3 1587 1588 1590
955 1 1592 1591 1594
956 2 1591 1592 1593
957 3 1592 1593 1595
958 1 1597 1596 1599
959 2 1596 1597 1598
960 3 1597 1598 1600
961 1 1602 1601 1604
962 2 1601 1602 1603
963 3 1602 1603 1605
964 1 1607 1606 1609
965 2 1606 1607 1608
966 3 1607 1608 1610
967 1 1612 1611 1614
968 2 1611 1612 1613
969 3 1612 1613 1615
970 1 1617 1616 1619
971 2 1616 1617 1618
972 3 1617 1618 1620
973 1 1622 1621 1624
974 2 1621 1622 1623
975 3 1622 1623 1625
976 1 1627 1626 1629
977 2 1626 1627 1628
978 3 1627 1628 1630
979 1 1632 1631 1634
980 2 1631 1632 1633
981 3 1632 1633 1635
982 1 1637 1636 1639
983 2 1636 1637 1638
984 3 1637 1638 1640
985 1 1642 1641 1644
986 2 1641 1642 1643
987 3 1642 1643 1645
988 1 1647 1646 1649
989 2 1646 1647 1648
990 3 1647 1648 1650
991 1 1652 1651 1654
992 2 1651 1652 1653
993 3 1652 1653 1655
994 1 1657 1656 1659
995 2 1656 1657 1658
996 3 1657 1658 1660
997 1 1662 1661 1664
998 2 1661 1662 1663
999 3 1662 1663 1665
1000 1 1667 1666 1669
1001 2 1666 1667 1668
1002 3 1667 1668 1670
1003 1 1672 1671 1674
1004 2 1671 1672 1673
1005 3 1672 1673 1675
1006 1 1677 1676 1679
1007 2 1676 1677 1678
1008 3 1677 1678 1680
1009 1 1682 1681 1684
1010 2 1681 1682 1683
1011 3 1682 1683 1685
1012 1 1687 1686 1689
1013 2 1686 1687 1688
1014 3 1687 1688 1690
1015 1 1692 1691 1694
1016 2 1691 1692 1693
1017 3 1692 1693 1695
1018 1 1697 1696 1699
1019 2 1696 1697 1698
1020 3 1697 1698 1700
1021 1 1702 1701 1704
1022 2 1701 1702 1703
1023 3 1702 1703 1705
1024 1 1707 1706 1709
1025 2 1706 1707 1708
1026 3 1707 1708 1710
1027 1 1712 1711 1714
1028 2 1711 1712 1713
1029 3 1712 1713 1715
1030 1 1717 1716 1719
1031 2 1716 1717 1718
1032 3 1717 1718 1720
1033 1 1722 1721 1724
1034 2 1721 1722 1723
1035 3 1722 1723 1725
1036 1 1727 1726 1729
1037 2 1726 1727 1728
1038 3 1727 1728 1730
1039 1 1732 1731 1734
1040 2 1731 1732 1733
1041 3 1732 1733 1735
1042 1 1737 1736 1739
1043 2 1736 1737 1738
1044 3 1737 1738 1740
1045 1 1742 1741 1744
1046 2 1741 1742 1743
1047 3 1742 1743 1745
1048 1 1747 1746 1749
1049 2 1746 1747 1748
1050 3 1747 1748 1750
1051 1 1752 1751 1754
1052 2 1751 1752 1753
1053 3 1752 1753 1755
1054 1 1757 1756 1759
1055 2 1756 1757 1758
1056 3 1757 1758 1760
1057 1 1762 1761 1764
1058 2 1761 1762 1763
1059 3 1762 1763 1765
1060 1 1767 1766 1769
1061 2 1766 1767 1768
1062 3 1767 1768 1770
1063 1 1772 1771 1774
1064 2 1771 1772 1773
1065 3 1772 1773 1775
1066 1 1777 1776 1779
1067 2 1776 1777 1778
1068 3 1777 1778 1780
1069 1 1782 1781 1784
1070 2 1781 1782 1783
1071 3 1782 1783 1785
1072 1 1787 1786 1789
1073 2 1786 1787 1788
1074 3 1787 1788 1790
1075 1 1792 1791 1794
1076 2 1791 1792 1793
1077 3 1792 1793 1795
1078 1 1797 1796 1799
1079 2 1796 1797 1798
1080 3 1797 1798 1800
1081 1 1802 1801 1804
1082 2 1801 1802 1803
1083 3 1802 1803 1805
1084 1 1807 1806 1809
1085 2 1806 1807 1808
1086 3 1807 1808 1810
1087 1 1812 1811 1814
1088 2 1811 1812 1813
1089 3 1812 1813 1815
1090 1 1817 1816 1819
1091 2 1816 1817 1818
1092 3 1817 1818 1820
1093 1 1822 1821 1824
1094 2 1821 1822 1823
1095 3 1822 1823 1825
1096 1 1827 1826 1829
1097 2 1826 1827 1828
1098 3 1827 1828 1830
1099 1 1832 1831 1834
1100 2 1831 1832 1833
1101 3 1832 1833 1835
1102 1 1837 1836 1839
1103 2 1836 1837 1838
1104 3 1837 1838 1840
1105 1 1842 1841 1844
1106 2 1841 1842 1843
1107 3 1842 1843 1845
1108 1 1847 1846 1849
1109 2 1846 1847 1848
1110 3 1847 1848 1850
1111 1 1852 1851 1854
1112 2 1851 1852 1853
1113 3 1852 1853 1855
1114 1 1857 1856 1859
1115 2 1856 1857 1858
1116 3 1857 1858 1860
1117 1 1862 1861 1864
1118 2 1861 1862 1863
1119 3 1862 1863 1865
1120 1 1867 1866 1869
1121 2 1866 1867 1868
1122 3 1867 1868 1870
1123 1 1872 1871 1874
1124 2 1871 1872 1873
1125 3 1872 1873 1875
1126 1 1877 1876 1879
1127 2 1876 1877 1878
1128 3 1877 1878 1880
1129 1 1882 1881 1884
1130 2 1881 1882 1883
1131 3 1882 1883 1885
1132 1 1887 1886 1889
1133 2 1886 1887 1888
1134 3 1887 1888 1890
1135 1 1892 1891 1894
1136 2 1891 1892 1893
1137 3 1892 1893 1895
1138 1 1897 1896 1899
1139 2 1896 1897 1898
1140 3 1897 1898 1900
1141 1 1902 1901 1904
1142 2 1901 1902 1903
1143 3 1902 1903 1905
1144 1 1907 1906 1909
1145 2 1906 1907 1908
1146 3 1907 1908 1910
1147 1 1912 1911 1914
1148 2 1911 1912 1913
1149 3 1912 1913 1915
1150 1 1917 1916 1919
1151 2 1916 1917 1918
1152 3 1917 1918 1920
1153 1 1922 1921 1924
1154 2 1921 1922 1923
1155 3 1922 1923 1925
1156 1 1927 1926 1929
1157 2 1926 1927 1928
1158 3 1927 1928 1930
1159 1 1932 1931 1934
1160 2 1931 1932 1933
1161 3 1932 1933 1935
1162 1 1937 1936 1939
1163 2 1936 1937 1938
1164 3 1937 1938 1940
1165 1 1942 1941 1944
1166 2 1941 1942 1943
1167 3 1942 1943 1945
1168 1 1947 1946 1949
1169 2 1946 1947 1948
1170 3 1947 1948 1950
1171 1 1952 1951 1954
1172 2 1951 1952 1953
1173 3 1952 1953 1955
1174 1 1957 1956 1959
1175 2 1956 1957 1958
1176 3 1957 1958 1960
1177 1 1962 1961 1964
1178 2 1961 1962 1963
1179 3 1962 1963 1965
1180 1 1967 1966 1969
1181 2 1966 1967 1968
1182 3 1967 1968 1970
1183 1 1972 1971 1974
1184 2 1971 1972 1973
1185 3 1972 1973 1975
1186 1 1977 1976 1979
1187 2 1976 1977 1978
1188 3 1977 1978 1980
1189 1 1982 1981 1984
1190 2 1981 1982 1983
1191 3 1982 1983 1985
1192 1 1987 1986 1989
1193 2 1986 1987 1988
1194 3 1987 1988 1990
1195 1 1992 1991 1994
1196 2 1991 1992 1993
1197 3 1992 1993 1995
1198 1 1997 1996 1999
1199 2 1996 1997 1998
1200 3 1997 1998 2000
1201 1 2002 2001 2004
1202 2 2001 2002 2003
1203 3 2002 2003 2005
1204 1 2007 2006 2009
1205 2 2006 2007 2008
1206 3 2007 2008 2010
1207 1 2012 2011 2014
1208 2 2011 2012 2013
1209 3 2012 2013 2015
1210 1 2017 2016 2019
1211 2 2016 2017 2018
1212 3 2017 2018 2020
1213 1 2022 2021 2024
1214 2 2021 2022 2023
1215 3 2022 2023 2025
1216 1 2027 2026 2029
1217 2 2026 2027 2028
1218 3 2027 2028 2030
1219 1 2032 2031 2034
1220 2 2031 2032 2033
1221 3 2032 2033 2035
1222 1 2037 2036 2039
1223 2 2036 2037 2038
1224 3 2037 2038 2040
1225 1 2042 2041 2044
1226 2 2041 2042 2043
1227 3 2042 2043 2045
1228 1 2047 2046 2049
1229 2 2046 2047 2048
1230 3 2047 2048 2050
1231 1 2052 2051 2054
1232 2 2051 2052 2053
1233 3 2052 2053 2055
1234 1 2057 2056 2059
1235 2 2056 2057 2058
1236 3 2057 2058 2060
1237 1 2062 2061 2064
1238 2 2061 2062 2063
1239 3 2062 2063 2065
1240 1 2067 2066 2069
1241 2 2066 2067 2068
1242 3 2067 2068 2070
1243 1 2072 2071 2074
1244 2 2071 2072 2073
1245 3 2072 2073 2075
1246 1 2077 2076 2079
1247 2 2076 2077 2078
1248 3 2077 2078 2080
1249 1 2082 2081 2084
1250 2 2081 2082 2083
1251 3 2082 2083 2085
1252 1 2087 2086 2089
1253 2 2086 2087 2088
1254 3 2087 2088 2090
1255 1 2092 2091 2094
1256 2 2091 2092 2093
1257 3 2092 2093 2095
1258 1 2097 2096 2099
1259 2 2096 2097 2098
1260 3 2097 2098 2100
1261 1 2102 2101 2104
1262 2 2101 2102 2103
1263 3 2102 2103 2105
1264 1 2107 2106 2109
1265 2 2106 2107 2108
1266 3 2107 2108 2110
1267 1 2112 2111 2114
1268 2 2111 2112 2113
1269 3 2112 2113 2115
1270 1 2117 2116 2119
1271 2 2116 2117 2118
1272 3 2117 2118 2120
1273 1 2122 2121 2124
1274 2 2121 2122 2123
1275 3 2122 2123 2125
1276 1 2127 2126 2129
1277 2 2126 2127 2128
1278 3 2127 2128 2130
1279 1 2132 2131 2134
1280 2 2131 2132 2133
1281 3 2132 2133 2135
1282 1 2137 2136 2139
1283 2 2136 2137 2138
1284 3 2137 2138 2140
1285 1 2142 2141 2144
1286 2 2141 2142 2143
1287 3 2142 2143 2145
1288 1 2147 2146 2149
1289 2 2146 2147 2148
1290 3 2147 2148 2150
1291 1 2152 2151 2154
1292 2 2151 2152 2153
1293 3 2152 2153 2155
1294 1 2157 2156 2159
1295 2 2156 2157 2158
1296 3 2157 2158 2160
1297 1 2162 2161 2164
1298 2 2161 2162 2163
1299 3 2162 2163 2165
1300 1 2167 2166 2169
1301 2 2166 2167 2168
1302 3 2167 2168 2170
1303 1 2172 2171 2174
1304 2 2171 2172 2173
1305 3 2172 2173 2175
1306 1 2177 2176 2179
1307 2 2176 2177 2178
1308 3 2177 2178 2180
1309 1 2182 2181 2184
1310 2 2181 2182 2183
1311 3 2182 2183 2185
1312 1 2187 2186 2189
1313 2 2186 2187 2188
1314 3 2187 2188 2190
1315 1 2192 2191 2194
1316 2 2191 2192 2193
1317 3 2192 2193 2195
1318 1 2197 2196 2199
1319 2 2196 2197 2198
1320 3 2197 2198 2200
1321 1 2202 2201 2204
1322 2 2201 2202 2203
1323 3 2202 2203 2205
1324 1 2207 2206 2209
1325 2 2206 2207 2208
1326 3 2207 2208 2210
1327 1 2212 2211 2214
1328 2 2211 2212 2213
1329 3 2212 2213 2215
1330 1 2217 2216 2219
1331 2 2216 2217 2218
1332 3 2217 2218 2220
1333 1 2222 2221 2224
1334 2 2221 2222 2223
1335 3 2222 2223 2225
1336 1 2227 2226 2229
1337 2 2226 2227 2228
1338 3 2227 2228 2230
1339 1 2232 2231 2234
1340 2 2231 2232 2233
1341 3 2232 2233 2235
1342 1 2237 2236 2239
1343 2 2236 2237 2238
1344 3 2237 2238 2240
1345 1 2242 2241 2244
1346 2 2241 2242 2243
1347 3 2242 2243 2245
1348 1 2247 2246 2249
1349 2 2246 2247 2248
1350 3 2247 2248 2250
1351 1 2252 2251 2254
1352 2 2251 2252 2253
1353 3 2252 2253 2255
1354 1 2257 2256 2259
1355 2 2256 2257 2258
1356 3 2257 2258 2260
1357 1 2262 2261 2264
1358 2 2261 2262 2263
1359 3 2262 2263 2265
1360 1 2267 2266 2269
1361 2 2266 2267 2268
1362 3 2267 2268 2270
1363 1 2272 2271 2274
1364 2 2271 2272 2273
1365 3 2272 2273 2275
1366 1 2277 2276 2279
1367 2 2276 2277 2278
1368 3 2277 2278 2280
1369 1 2282 2281 2284
1370 2 2281 2282 2283
1371 3 2282 2283 2285
1372 1 2287 2286 2289
1373 2 2286 2287 2288
1374 3 2287 2288 2290
1375 1 2292 2291 2294
1376 2 2291 2292 2293
1377 3 2292 2293 2295
1378 1 2297 2296 2299
1379 2 2296 2297 2298
1380 3 2297 2298 2300
1381 1 2302 2301 2304
1382 2 2301 2302 2303
1383 3 2302 2303 2305
1384 1 2307 2306 2309
1385 2 2306 2307 2308
1386 3 2307 2308 2310
1387 1 2312 2311 2314
1388 2 2311 2312 2313
1389 3 2312 2313 2315
1390 1 2317 2316 2319
1391 2 2316 2317 2318
1392 3 2317 2318 2320
1393 1 2322 2321 2324
1394 2 2321 2322 2323
1395 3 2322 2323 2325
1396 1 2327 2326 2329
1397 2 2326 2327 2328
1398 3 2327 2328 2330
1399 1 2332 2331 2334
1400 2 2331 2332 2333
1401 3 2332 2333 2335
1402 1 2337 2336 2339
1403 2 2336 2337 2338
1404 3 2337 2338 2340
1405 1 2342 2341 2344
1406 2 2341 2342 2343
1407 3 2342 2343 2345
1408 1 2347 2346 2349
1409 2 2346 2347 2348
1410 3 2347 2348 2350
1411 1 2352 2351 2354
1412 2 2351 2352 2353
1413 3 2352 2353 2355
1414 1 2357 2356 2359
1415 2 2356 2357 2358
1416 3 2357 2358 2360
1417 1 2362 2361 2364
1418 2 2361 2362 2363
1419 3 2362 2363 2365
1420 1 2367 2366 2369
1421 2 2366 2367 2368
1422 3 2367 2368 2370
1423 1 2372 2371 2374
1424 2 2371 2372 2373
1425 3 2372 2373 2375
1426 1 2377 2376 2379
1427 2 2376 2377 2378
1428 3 2377 2378 2380
1429 1 2382 2381 2384
1430 2 2381 2382 2383
1431 3 2382 2383 2385
1432 1 2387 2386 2389
1433 2 2386 2387 2388
1434 3 2387 2388 2390
1435 1 2392 2391 2394
1436 2 2391 2392 2393
1437 3 2392 2393 2395
1438 1 2397 2396 2399
1439 2 2396 2397 2398
1440 3 2397 2398 2400
1441 1 2402 2401 2404
1442 2 2401 2402 2403
1443 3 2402 2403 2405
1444 1 2407 2406 2409
1445 2 2406 2407 2408
1446 3 2407 2408 2410
1447 1 2412 2411 2414
1448 2 2411 2412 2413
1449 3 2412 2413 2415
1450 1 2417 2416 2419
1451 2 2416 2417 2418
1452 3 2417 2418 2420
1453 1 2422 2421 2424
1454 2 2421 2422 2423
1455 3 2422 2423 2425
1456 1 2427 2426 2429
1457 2 2426 2427 2428
1458 3 2427 2428 2430
1459 1 2432 2431 2434
1460 2 2431 2432 2433
1461 3 2432 2433 2435
1462 1 2437 2436 2439
1463 2 2436 2437 2438
1464 3 2437 2438 2440
1465 1 2442 2441 2444
1466 2 2441 2442 2443
1467 3 2442 2443 2445
1468 1 2447 2446 2449
1469 2 2446 2447 2448
1470 3 2447 2448 2450
1471 1 2452 2451 2454
1472 2 2451 2452 2453
1473 3 2452 2453 2455
1474 1 2457 2456 2459
1475 2 2456 2457 2458
1476 3 2457 2458 2460
1477 1 2462 2461 2464
1478 2 2461 2462 2463
1479 3 2462 2463 2465
1480 1 2467 2466 2469
1481 2 2466 2467 2468
1482 3 2467 2468 2470
1483 1 2472 2471 2474
1484 2 2471 2472 2473
1485 3 2472 2473 2475
1486 1 2477 2476 2479
1487 2 2476 2477 2478
1488 3 2477 2478 2480
1489 1 2482 2481 2484
1490 2 2481 2482 2483
1491 3 2482 2483 2485
1492 1 2487 2486 2489
1493 2 2486 2487 2488
1494 3 2487 2488 2490
1495 1 2492 2491 2494
1496 2 2491 2492 2493
1497 3 2492 2493 2495
1498 1 2497 2496 2499
1499 2 2496 2497 2498
1500 3 2497 2498 2500
1501 1 2502 2501 2504
1502 2 2501 2502 2503
1503 3 2502 2503 2505
1504 1 2507 2506 2509
1505 2 2506 2507 2508
1506 3 2507 2508 2510
1507 1 2512 2511 2514
1508 2 2511 2512 2513
1509 3 2512 2513 2515
1510 1 2517 2516 2519
1511 2 2516 2517 2518
1512 3 2517 2518 2520
1513 1 2522 2521 2524
1514 2 2521 2522 2523
1515 3 2522 2523 2525
1516 1 2527 2526 2529
1517 2 2526 2527 2528
1518 3 2527 2528 2530
1519 1 2532 2531 2534
1520 2 2531 2532 2533
1521 3 2532 2533 2535
1522 1 2537 2536 2539
1523 2 2536 2537 2538
1524 3 2537 2538 2540
1525 1 2542 2541 2544
1526 2 2541 2542 2543
1527 3 2542 2543 2545
1528 1 2547 2546 2549
1529 2 2546 2547 2548
1530 3 2547 2548 2550
1531 1 2552 2551 2554
1532 2 2551 2552 2553
1533 3 2552 2553 2555
1534 1 2557 2556 2559
1535 2 2556 2557 2558
1536 3 2557 2558 2560
1537 1 2562 2561 2564
1538 2 2561 2562 2563
1539 3 2562 2563 2565
1540 1 2567 2566 2569
1541 2 2566 2567 2568
1542 3 2567 2568 2570
1543 1 2572 2571 2574
1544 2 2571 2572 2573
1545 3 2572 2573 2575
1546 1 2577 2576 2579
1547 2 2576 2577 2578
1548 3 2577 2578 2580
1549 1 2582 2581 2584
1550 2 2581 2582 2583
1551 3 2582 2583 2585
1552 1 2587 2586 2589
1553 2 2586 2587 2588
1554 3 2587 2588 2590
1555 1 2592 2591 2594
1556 2 2591 2592 2593
1557 3 2592 2593 2595
1558 1 2597 2596 2599
1559 2 2596 2597 2598
1560 3 2597 2598 2600
1561 1 2602 2601 2604
1562 2 2601 2602 2603
1563 3 2602 2603 2605
1564 1 2607 2606 2609
1565 2 2606 2607 2608
1566 3 2607 2608 2610
1567 1 2612 2611 2614
1568 2 2611 2612 2613
1569 3 2612 2613 2615
1570 1 2617 2616 2619
1571 2 2616 2617 2618
1572 3 2617 2618 2620
1573 1 2622 2621 2624
1574 2 2621 2622 2623
1575 3 2622 2623 2625
1576 1 2627 2626 2629
1577 2 2626 2627 2628
1578 3 2627 2628 2630
1579 1 2632 2631 2634
1580 2 2631 2632 2633
1581 3 2632 2633 2635
1582 1 2637 2636 2639
1583 2 2636 2637 2638
1584 3 2637 2638 2640
1585 1 2642 2641 2644
1586 2 2641 2642 2643
1587 3 2642 2643 2645
1588 1 2647 2646 2649
1589 2 2646 2647 2648
1590 3 2647 2648 2650
1591 1 2652 2651 2654
1592 2 2651 2652 2653
1593 3 2652 2653 2655
1594 1 2657 2656 2659
1595 2 2656 2657 2658
1596 3 2657 2658 2660
1597 1 2662 2661 2664
1598 2 2661 2662 2663
1599 3 2662 2663 2665
1600 1 2667 2666 2669
1601 2 2666 2667 2668
1602 3 2667 2668 2670
1603 1 2672 2671 2674
1604 2 2671 2672 2673
1605 3 2672 2673 2675
1606 1 2677 2676 2679
1607 2 2676 2677 2678
1608 3 2677 2678 2680
1609 1 2682 2681 2684
1610 2 2681 2682 2683
1611 3 2682 2683 2685
1612 1 2687 2686 2689
1613 2 2686 2687 2688
1614 3 2687 2688 2690
1615 1 2692 2691 2694
1616 2 2691 2692 2693
1617 3 2692 2693 2695
1618 1 2697 2696 2699
1619 2 2696 2697 2698
1620 3 2697 2698 2700
1621 1 2702 2701 2704
1622 2 2701 2702 2703
1623 3 2702 2703 2705
1624 1 2707 2706 2709
1625 2 2706 2707 2708
1626 3 2707 2708 2710
1627 1 2712 2711 2714
1628 2 2711 2712 2713
1629 3 2712 2713 2715
1630 1 2717 2716 2719
1631 2 2716 2717 2718
1632 3 2717 2718 2720
1633 1 2722 2721 2724
1634 2 2721 2722 2723
1635 3 2722 2723 2725
1636 1 2727 2726 2729
1637 2 2726 2727 2728
1638 3 2727 2728 2730
1639 1 2732 2731 2734
1640 2 2731 2732 2733
1641 3 2732 2733 2735
1642 1 2737 2736 2739
1643 2 2736 2737 2738
1644 3 2737 2738 2740
1645 1 2742 2741 2744
1646 2 2741 2742 2743
1647 3 2742 2743 2745
1648 1 2747 2746 2749
1649 2 2746 2747 2748
1650 3 2747 2748 2750
1651 1 2752 2751 2754
1652 2 2751 2752 2753
1653 3 2752 2753 2755
1654 1 2757 2756 2759
1655 2 2756 2757 2758
1656 3 2757 2758 2760
1657 1 2762 2761 2764
1658 2 2761 2762 2763
1659 3 2762 2763 2765
1660 1 2767 2766 2769
1661 2 2766 2767 2768
1662 3 2767 2768 2770
1663 1 2772 2771 2774
1664 2 2771 2772 2773
1665 3 2772 2773 2775
1666 1 2777 2776 2779
1667 2 2776 2777 2778
1668 3 2777 2778 2780
1669 1 2782 2781 2784
1670 2 2781 2782 2783
1671 3 2782 2783 2785
1672 1 2787 2786 2789
1673 2 2786 2787 2788
1674 3 2787 2788 2790
1675 1 2792 2791 2794
1676 2 2791 2792 2793
1677 3 2792 2793 2795
1678 1 2797 2796 2799
1679 2 2796 2797 2798
1680 3 2797 2798 2800
1681 1 2802 2801 2804
1682 2 2801 2802 2803
1683 3 2802 2803 2805
1684 1 2807 2806 2809
1685 2 2806 2807 2808
1686 3 2807 2808 2810
1687 1 2812 2811 2814
1688 2 2811 2812 2813
1689 3 2812 2813 2815
1690 1 2817 2816 2819
1691 2 2816 2817 2818
1692 3 2817 2818 2820
1693 1 2822 2821 2824
1694 2 2821 2822 2823
1695 3 2822 2823 2825
1696 1 2827 2826 2829
1697 2 2826 2827 2828
1698 3 2827 2828 2830
1699 1 2832 2831 2834
1700 2 2831 2832 2833
1701 3 2832 2833 2835
1702 1 2837 2836 2839
1703 2 2836 2837 2838
1704 3 2837 2838 2840
1705 1 2842 2841 2844
1706 2 2841 2842 2843
1707 3 2842 2843 2845
1708 1 2847 2846 2849
1709 2 2846 2847 2848
1710 3 2847 2848 2850
1711 1 2852 2851 2854
1712 2 2851 2852 2853
1713 3 2852 2853 2855
1714 1 2857 2856 2859
1715 2 2856 2857 2858
1716 3 2857 2858 2860
1717 1 2862 2861 2864
1718 2 2861 2862 2863
1719 3 2862 2863 2865
1720 1 2867 2866 2869
1721 2 2866 2867 2868
1722 3 2867 2868 2870
1723 1 2872 2871 2874
1724 2 2871 2872 2873
1725 3 2872 2873 2875
1726 1 2877 2876 2879
1727 2 2876 2877 2878
1728 3 2877 2878 2880
1729 1 2882 2881 2884
1730 2 2881 2882 2883
1731 3 2882 2883 2885
1732 1 2887 2886 2889
1733 2 2886 2887 2888
1734 3 2887 2888 2890
1735 1 2892 2891 2894
1736 2 2891 2892 2893
1737 3 2892 2893 2895
1738 1 2897 2896 2899
1739 2 2896 2897 2898
1740 3 2897 2898 2900
1741 1 2902 2901 2904
1742 2 2901 2902 2903
1743 3 2902 2903 2905
1744 1 2907 2906 2909
1745 2 2906 2907 2908
1746 3 2907 2908 2910
1747 1 2912 2911 2914
1748 2 2911 2912 2913
1749 3 2912 2913 2915
1750 1 2917 2916 2919
1751 2 2916 2917 2918
1752 3 2917 2918 2920
1753 1 2922 2921 2924
1754 2 2921 2922 2923
1755 3 2922 2923 2925
1756 1 2927 2926 2929
1757 2 2926 2927 2928
1758 3 2927 2928 2930
1759 1 2932 2931 2934
1760 2 2931 2932 2933
1761 3 2932 2933 2935
1762 1 2937 2936 2939
1763 2 2936 2937 2938
1764 3 2937 2938 2940
1765 1 2942 2941 2944
1766 2 2941 2942 2943
1767 3 2942 2943 2945
1768 1 2947 2946 2949
1769 2 2946 2947 2948
1770 3 2947 2948 2950
1771 1 2952 2951 2954
1772 2 2951 2952 2953
1773 3 2952 2953 2955
1774 1 2957 2956 2959
1775 2 2956 2957 2958
1776 3 2957 2958 2960
1777 1 2962 2961 2964
1778 2 2961 2962 2963
1779 3 2962 2963 2965
1780 1 2967 2966 2969
1781 2 2966 2967 2968
1782 3 2967 2968 2970
1783 1 2972 2971 2974
1784 2 2971 2972 2973
1785 3 2972 2973 2975
1786 1 2977 2976 2979
1787 2 2976 2977 2978
1788 3 2977 2978 2980
1789 1 2982 2981 2984
1790 2 2981 2982 2983
1791 3 2982 2983 2985
1792 1 2987 2986 2989
1793 2 2986 2987 2988
1794 3 2987 2988 2990
1795 1 2992 2991 2994
1796 2 2991 2992 2993
1797 3 2992 2993 2995
1798 1 2997 2996 2999
1799 2 2996 2997 2998
1800 3 2997 2998 3000
1801 1 3002 3001 3004
1802 2 3001 3002 3003
1803 3 3002 3003 3005
1804 1 3007 3006 3009
1805 2 3006 3007 3008
1806 3 3007 3008 3010
1807 1 3012 3011 3014
1808 2 3011 3012 3013
1809 3 3012 3013 3015
1810 1 3017 3016 3019
1811 2 3016 3017 3018
1812 3 3017 3018 3020
1813 1 3022 3021 3024
1814 2 3021 3022 3023
1815 3 3022 3023 3025
1816 1 3027 3026 3029
1817 2 3026 3027 3028
1818 3 3027 3028 3030
1819 1 3032 3031 3034
1820 2 3031 3032 3033
1821 3 3032 3033 3035
1822 1 3037 3036 3039
1823 2 3036 3037 3038
1824 3 3037 3038 3040
1825 1 3042 3041 3044
1826 2 3041 3042 3043
1827 3 3042 3043 3045
1828 1 3047 3046 3049
1829 2 3046 3047 3048
1830 3 3047 3048 3050
1831 1 3052 3051 3054
1832 2 3051 3052 3053
1833 3 3052 3053 3055
1834 1 3057 3056 3059
1835 2 3056 3057 3058
1836 3 3057 3058 3060
1837 1 3062 3061 3064
1838 2 3061 3062 3063
1839 3 3062 3063 3065
1840 1 3067 3066 3069
1841 2 3066 3067 3068
1842 3 3067 3068 3070
1843 1 3072 3071 3074
1844 2 3071 3072 3073
1845 3 3072 3073 3075
1846 1 3077 3076 3079
1847 2 3076 3077 3078
1848 3 3077 3078 3080
1849 1 3082 3081 3084
1850 2 3081 3082 3083
1851 3 3082 3083 3085
1852 1 3087 3086 3089
1853 2 3086 3087 3088
1854 3 3087 3088 3090
1855 1 3092 3091 3094
1856 2 3091 3092 3093
1857 3 3092 3093 3095
1858 1 3097 3096 3099
1859 2 3096 3097 3098
1860 3 3097 3098 3100
1861 1 3102 3101 3104
1862 2 3101 3102 3103
1863 3 3102 3103 3105
1864 1 3107 3106 3109
1865 2 3106 3107 3108
1866 3 3107 3108 3110
1867 1 3112 3111 3114
1868 2 3111 3112 3113
1869 3 3112 3113 3115
1870 1 3117 3116 3119
1871 2 3116 3117 3118
1872 3 3117 3118 3120
1873 1 3122 3121 3124
1874 2 3121 3122 3123
1875 3 3122 3123 3125
1876 1 3127 3126 3129
1877 2 3126 3127 3128
1878 3 3127 3128 3130
1879 1 3132 3131 3134
1880 2 3131 3132 3133
1881 3 3132 3133 3135
1882 1 3137 3136 3139
1883 2 3136 3137 3138
1884 3 3137 3138 3140
1885 1 3142 3141 3144
1886 2 3141 3142 3143
1887 3 3142 3143 3145
1888 1 3147 3146 3149
1889 2 3146 3147 3148
1890 3 3147 3148 3150
1891 1 3152 3151 3154
1892 2 3151 3152 3153
1893 3 3152 3153 3155
1894 1 3157 3156 3159
1895 2 3156 3157 3158
1896 3 3157 3158 3160
1897 1 3162 3161 3164
1898 2 3161 3162 3163
1899 3 3162 3163 3165
1900 1 3167 3166 3169
1901 2 3166 3167 3168
1902 3 3167 3168 3170
1903 1 3172 3171 3174
1904 2 3171 3172 3173
1905 3 3172 3173 3175
1906 1 3177 3176 3179
1907 2 3176 3177 3178
1908 3 3177 3178 3180
1909 1 3182 3181 3184
1910 2 3181 3182 3183
1911 3 3182 3183 3185
1912 1 3187 3186 3189
1913 2 3186 3187 3188
1914 3 3187 3188 3190
1915 1 3192 3191 3194
1916 2 3191 3192 3193
1917 3 3192 3193 3195
1918 1 3197 3196 3199
1919 2 3196 3197 3198
1920 3 3197 3198 3200
1921 1 3202 3201 3204
1922 2 3201 3202 3203
1923 3 3202 3203 3205
1924 1 3207 3206 3209
1925 2 3206 3207 3208
1926 3 3207 3208 3210
1927 1 3212 3211 3214
1928 2 3211 3212 3213
1929 3 3212 3213 3215
1930 1 3217 3216 3219
1931 2 3216 3217 3218
1932 3 3217 3218 3220
1933 1 3222 3221 3224
1934 2 3221 3222 3223
1935 3 3222 3223 3225
1936 1 3227 3226 3229
1937 2 3226 3227 3228
1938 3 3227 3228 3230
1939 1 3232 3231 3234
1940 2 3231 3232 3233
1941 3 3232 3233 3235
1942 1 3237 3236 3239
1943 2 3236 3237 3238
1944 3 3237 3238 3240
1945 1 3242 3241 3244
1946 2 3241 3242 3243
1947 3 3242 3243 3245
1948 1 3247 3246 3249
1949 2 3246 3247 3248
1950 3 3247 3248 3250
1951 1 3252 3251 3254
1952 2 3251 3252 3253
1953 3 3252 3253 3255
1954 1 3257 3256 3259
1955 2 3256 3257 3258
1956 3 3257 3258 3260
1957 1 3262 3261 3264
1958 2 3261 3262 3263
1959 3 3262 3263 3265
1960 1 3267 3266 3269
1961 2 3266 3267 3268
1962 3 3267 3268 3270
1963 1 3272 3271 3274
1964 2 3271 3272 3273
1965 3 3272 3273 3275
1966 1 3277 3276 3279
1967 2 3276 3277 3278
1968 3 3277 3278 3280
1969 1 3282 3281 3284
1970 2 3281 3282 3283
1971 3 3282 3283 3285
1972 1 3287 3286 3289
1973 2 3286 3287 3288
1974 3 3287 3288 3290
1975 1 3292 3291 3294
1976 2 3291 3292 3293
1977 3 3292 3293 3295
1978 1 3297 3296 3299
1979 2 3296 3297 3298
1980 3 3297 3298 3300
1981 1 3302 3301 3304
1982 2 3301 3302 3303
1983 3 3302 3303 3305
1984 1 3307 3306 3309
1985 2 3306 3307 3308
1986 3 3307 3308 3310
1987 1 3312 3311 3314
1988 2 3311 3312 3313
1989 3 3312 3313 3315
1990 1 3317 3316 3319
1991 2 3316 3317 3318
1992 3 3317 3318 3320
1993 1 3322 3321 3324
1994 2 3321 3322 3323
1995 3 3322 3323 3325
1996 1 3327 3326 3329
1997 2 3326 3327 3328
1998 3 3327 3328 3330
1999 1 3332 3331 3334
2000 2 3331 3332 3333
2001 3 3332 3333 3335
2002 1 3337 3336 3339
2003 2 3336 3337 3338
2004 3 3337 3338 3340
2005 1 3342 3341 3344
2006 2 3341 3342 3343
2007 3 3342 3343 3345
2008 1 3347 3346 3349
2009 2 3346 3347 3348
2010 3 3347 3348 3350
2011 1 3352 3351 3354
2012 2 3351 3352 3353
2013 3 3352 3353 3355
2014 1 3357 3356 3359
2015 2 3356 3357 3358
2016 3 3357 3358 3360
2017 1 3362 3361 3364
2018 2 3361 3362 3363
2019 3 3362 3363 3365
2020 1 3367 3366 3369
2021 2 3366 3367 3368
2022 3 3367 3368 3370
2023 1 3372 3371 3374
2024 2 3371 3372 3373
2025 3 3372 3373 3375
2026 1 3377 3376 3379
2027 2 3376 3377 3378
2028 3 3377 3378 3380
2029 1 3382 3381 3384
2030 2 3381 3382 3383
2031 3 3382 3383 3385
2032 1 3387 3386 3389
2033 2 3386 3387 3388
2034 3 3387 3388 3390
2035 1 3392 3391 3394
2036 2 3391 3392 3393
2037 3 3392 3393 3395
2038 1 3397 3396 3399
2039 2 3396 3397 3398
2040 3 3397 3398 3400
2041 1 3402 3401 3404
2042 2 3401 3402 3403
2043 3 3402 3403 3405
2044 1 3407 3406 3409
2045 2 3406 3407 3408
2046 3 3407 3408 3410
2047 1 3412 3411 3414
2048 2 3411 3412 3413
2049 3 3412 3413 3415
2050 1 3417 3416 3419
2051 2 3416 3417 3418
2052 3 3417 3418 3420
2053 1 3422 3421 3424
2054 2 3421 3422 3423
2055 3 3422 3423 3425
2056 1 3427 3426 3429
2057 2 3426 3427 3428
2058 3 3427 3428 3430
2059 1 3432 3431 3434
2060 2 3431 3432 3433
2061 3 3432 3433 3435
2062 1 3437 3436 3439
2063 2 3436 3437 3438
2064 3 3437 3438 3440
2065 1 3442 3441 3444
2066 2 3441 3442 3443
2067 3 3442 3443 3445
2068 1 3447 3446 3449
2069 2 3446 3447 3448
2070 3 3447 3448 3450
2071 1 3452 3451 3454
2072 2 3451 3452 3453
2073 3 3452 3453 3455
2074 1 3457 3456 3459
2075 2 3456 3457 3458
2076 3 3457 3458 3460
2077 1 3462 3461 3464
2078 2 3461 3462 3463
2079 3 3462 3463 3465
2080 1 3467 3466 3469
2081 2 3466 3467 3468
2082 3 3467 3468 3470
2083 1 3472 3471 3474
2084 2 3471 3472 3473
2085 3 3472 3473 3475
2086 1 3477 3476 3479
2087 2 3476 3477 3478
2088 3 3477 3478 3480
2089 1 3482 3481 3484
2090 2 3481 3482 3483
2091 3 3482 3483 3485
2092 1 3487 3486 3489
2093 2 3486 3487 3488
2094 3 3487 3488 3490
2095 1 3492 3491 3494
2096 2 3491 3492 3493
2097 3 3492 3493 3495
2098 1 3497 3496 3499
2099 2 3496 3497 3498
2100 3 3497 3498 3500
2101 1 3502 3501 3504
2102 2 3501 3502 3503
2103 3 3502 3503 3505
2104 1 3507 3506 3509
2105 2 3506 3507 3508
2106 3 3507 3508 3510
2107 1 3512 3511 3514
2108 2 3511 3512 3513
2109 3 3512 3513 3515
2110 1 3517 3516 3519
2111 2 3516 3517 3518
2112 3 3517 3518 3520
2113 1 3522 3521 3524
2114 2 3521 3522 3523
2115 3 3522 3523 3525
2116 1 3527 3526 3529
2117 2 3526 3527 3528
2118 3 3527 3528 3530
2119 1 3532 3531 3534
2120 2 3531 3532 3533
2121 3 3532 3533 3535
2122 1 3537 3536 3539
2123 2 3536 3537 3538
2124 3 3537 3538 3540
2125 1 3542 3541 3544
2126 2 3541 3542 3543
2127 3 3542 3543 3545
2128 1 3547 3546 3549
2129 2 3546 3547 3548
2130 3 3547 3548 3550
2131 1 3552 3551 3554
2132 2 3551 3552 3553
2133 3 3552 3553 3555
2134 1 3557 3556 3559
2135 2 3556 3557 3558
2136 3 3557 3558 3560
2137 1 3562 3561 3564
2138 2 3561 3562 3563
2139 3 3562 3563 3565
2140 1 3567 3566 3569
2141 2 3566 3567 3568
2142 3 3567 3568 3570
2143 1 3572 3571 3574
2144 2 3571 3572 3573
2145 3 3572 3573 3575
2146 1 3577 3576 3579
2147 2 3576 3577 3578
2148 3 3577 3578 3580
2149 1 3582 3581 3584
2150 2 3581 3582 3583
2151 3 3582 3583 3585
2152 1 3587 3586 3589
2153 2 3586 3587 3588
2154 3 3587 3588 3590
2155 1 3592 3591 3594
2156 2 3591 3592 3593
2157 3 3592 3593 3595
2158 1 3597 3596 3599
2159 2 3596 3597 3598
2160 3 3597 3598 3600
2161 1 3602 3601 3604
2162 2 3601 3602 3603
2163 3 3602 3603 3605
2164 1 3607 3606 3609
2165 2 3606 3607 3608
2166 3 3607 3608 3610
2167 1 3612 3611 3614
2168 2 3611 3612 3613
2169 3 3612 3613 3615
2170 1 3617 3616 3619
2171 2 3616 3617 3618
2172 3 3617 3618 3620
2173 1 3622 3621 3624
2174 2 3621 3622 3623
2175 3 3622 3623 3625
2176 1 3627 3626 3629
2177 2 3626 3627 3628
2178 3 3627 3628 3630
2179 1 3632 3631 3634
2180 2 3631 3632 3633
2181 3 3632 3633 3635
2182 1 3637 3636 3639
2183 2 3636 3637 3638
2184 3 3637 3638 3640
2185 1 3642 3641 3644
2186 2 3641 3642 3643
2187 3 3642 3643 3645
2188 1 3647 3646 3649
2189 2 3646 3647 3648
2190 3 3647 3648 3650
2191 1 3652 3651 3654
2192 2 3651 3652 3653
2193 3 3652 3653 3655
2194 1 3657 3656 3659
2195 2 3656 3657 3658
2196 3 3657 3658 3660
2197 1 3662 3661 3664
2198 2 3661 3662 3663
2199 3 3662 3663 3665
2200 1 3667 3666 3669
2201 2 3666 3667 3668
2202 3 3667 3668 3670
2203 1 3672 3671 3674
2204 2 3671 3672 3673
2205 3 3672 3673 3675
2206 1 3677 3676 3679
2207 2 3676 3677 3678
2208 3 3677 3678 3680
2209 1 3682 3681 3684
2210 2 3681 3682 3683
2211 3 3682 3683 3685
2212 1 3687 3686 3689
2213 2 3686 3687 3688
2214 3 3687 3688 3690
2215 1 3692 3691 3694
2216 2 3691 3692 3693
2217 3 3692 3693 3695
2218 1 3697 3696 3699
2219 2 3696 3697 3698
2220 3 3697 3698 3700
2221 1 3702 3701 3704
2222 2 3701 3702 3703
2223 3 3702 3703 3705
2224 1 3707 3706 3709
2225 2 3706 3707 3708
2226 3 3707 3708 3710
2227 1 3712 3711 3714
2228 2 3711 3712 3713
2229 3 3712 3713 3715
2230 1 3717 3716 3719
2231 2 3716 3717 3718
2232 3 3717 3718 3720
2233 1 3722 3721 3724
2234 2 3721 3722 3723
2235 3 3722 3723 3725
2236 1 3727 3726 3729
2237 2 3726 3727 3728
2238 3 3727 3728 3730
2239 1 3732 3731 3734
2240 2 3731 3732 3733
2241 3 3732 3733 3735
2242 1 3737 3736 3739
2243 2 3736 3737 3738
2244 3 3737 3738 3740
2245 1 3742 3741 3744
2246 2 3741 3742 3743
2247 3 3742 3743 3745
2248 1 3747 3746 3749
2249 2 3746 3747 3748
2250 3 3747 3748 3750
2251 1 3752 3751 3754
2252 2 3751 3752 3753
2253 3 3752 3753 3755
2254 1 3757 3756 3759
2255 2 3756 3757 3758
2256 3 3757 3758 3760
2257 1 3762 3761 3764
2258 2 3761 3762 3763
2259 3 3762 3763 3765
2260 1 3767 3766 3769
2261 2 3766 3767 3768
2262 3 3767 3768 3770
2263 1 3772 3771 3774
2264 2 3771 3772 3773
2265 3 3772 3773 3775
2266 1 3777 3776 3779
2267 2 3776 3777 3778
2268 3 3777 3778 3780
2269 1 3782 3781 3784
2270 2 3781 3782 3783
2271 3 3782 3783 3785
2272 1 3787 3786 3789
2273 2 3786 3787 3788
2274 3 3787 3788 3790
2275 1 3792 3791 3794
2276 2 3791 3792 3793
2277 3 3792 3793 3795
2278 1 3797 3796 3799
2279 2 3796 3797 3798
2280 3 3797 3798 3800
2281 1 3802 3801 3804
2282 2 3801 3802 3803
2283 3 3802 3803 3805
2284 1 3807 3806 3809
2285 2 3806 3807 3808
2286 3 3807 3808 3810
2287 1 3812 3811 3814
2288 2 3811 3812 3813
2289 3 3812 3813 3815
2290 1 3817 3816 3819
2291 2 3816 3817 3818
2292 3 3817 3818 3820
2293 1 3822 3821 3824
2294 2 3821 3822 3823
2295 3 3822 3823 3825
2296 1 3827 3826 3829
2297 2 3826 3827 3828
2298 3 3827 3828 3830
2299 1 3832 3831 3834
2300 2 3831 3832 3833
2301 3 3832 3833 3835
2302 1 3837 3836 3839
2303 2 3836 3837 3838
2304 3 3837 3838 3840
2305 1 3842 3841 3844
2306 2 3841 3842 3843
2307 3 3842 3843 3845
2308 1 3847 3846 3849
2309 2 3846 3847 3848
2310 3 3847 3848 3850
2311 1 3852 3851 3854
2312 2 3851 3852 3853
2313 3 3852 3853 3855
2314 1 3857 3856 3859
2315 2 3856 3857 3858
2316 3 3857 3858 3860
2317 1 3862 3861 3864
2318 2 3861 3862 3863
2319 3 3862 3863 3865
2320 1 3867 3866 3869
2321 2 3866 3867 3868
2322 3 3867 3868 3870
2323 1 3872 3871 3874
2324 2 3871 3872 3873
2325 3 3872 3873 3875
2326 1 3877 3876 3879
2327 2 3876 3877 3878
2328 3 3877 3878 3880
2329 1 3882 3881 3884
2330 2 3881 3882 3883
2331 3 3882 3883 3885
2332 1 3887 3886 3889
2333 2 3886 3887 3888
2334 3 3887 3888 3890
2335 1 3892 3891 3894
2336 2 3891 3892 3893
2337 3 3892 3893 3895
2338 1 3897 3896 3899
2339 2 3896 3897 3898
2340 3 3897 3898 3900
2341 1 3902 3901 3904
2342 2 3901 3902 3903
2343 3 3902 3903 3905
2344 1 3907 3906 3909
2345 2 3906 3907 3908
2346 3 3907 3908 3910
2347 1 3912 3911 3914
2348 2 3911 3912 3913
2349 3 3912 3913 3915
2350 1 3917 3916 3919
2351 2 3916 3917 3918
2352 3 3917 3918 3920
2353 1 3922 3921 3924
2354 2 3921 3922 3923
2355 3 3922 3923 3925
2356 1 3927 3926 3929
2357 2 3926 3927 3928
2358 3 3927 3928 3930
2359 1 3932 3931 3934
2360 2 3931 3932 3933
2361 3 3932 3933 3935
2362 1 3937 3936 3939
2363 2 3936 3937 3938
2364 3 3937 3938 3940
2365 1 3942 3941 3944
2366 2 3941 3942 3943
2367 3 3942 3943 3945
2368 1 3947 3946 3949
2369 2 3946 3947 3948
2370 3 3947 3948 3950
2371 1 3952 3951 3954
2372 2 3951 3952 3953
2373 3 3952 3953 3955
2374 1 3957 3956 3959
2375 2 3956 3957 3958
2376 3 3957 3958 3960
2377 1 3962 3961 3964
2378 2 3961 3962 3963
2379 3 3962 3963 3965
2380 1 3967 3966 3969
2381 2 3966 3967 3968
2382 3 3967 3968 3970
2383 1 3972 3971 3974
2384 2 3971 3972 3973
2385 3 3972 3973 3975
2386 1 3977 3976 3979
2387 2 3976 3977 3978
2388 3 3977 3978 3980
2389 1 3982 3981 3984
2390 2 3981 3982 3983
2391 3 3982 3983 3985
2392 1 3987 3986 3989
2393 2 3986 3987 3988
2394 3 3987 3988 3990
2395 1 3992 3991 3994
2396 2 3991 3992 3993
2397 3 3992 3993 3995
2398 1 3997 3996 3999
2399 2 3996 3997 3998
2400 3 3997 3998 4000
2401 1 4002 4001 4004
2402 2 4001 4002 4003
2403 3 4002 4003 4005
2404 1 4007 4006 4009
2405 2 4006 4007 4008
2406 3 4007 4008 4010
2407 1 4012 4011 4014
2408 2 4011 4012 4013
2409 3 4012 4013 4015
2410 1 4017 4016 4019
2411 2 4016 4017 4018
2412 3 4017 4018 4020
2413 1 4022 4021 4024
2414 2 4021 4022 4023
2415 3 4022 4023 4025
2416 1 4027 4026 4029
2417 2 4026 4027 4028
2418 3 4027 4028 4030
2419 1 4032 4031 4034
2420 2 4031 4032 4033
2421 3 4032 4033 4035
2422 1 4037 4036 4039
2423 2 4036 4037 4038
2424 3 4037 4038 4040
2425 1 4042 4041 4044
2426 2 4041 4042 4043
2427 3 4042 4043 4045
2428 1 4047 4046 4049
2429 2 4046 4047 4048
2430 3 4047 4048 4050
2431 1 4052 4051 4054
2432 2 4051 4052 4053
2433 3 4052 4053 4055
2434 1 4057 4056 4059
2435 2 4056 4057 4058
2436 3 4057 4058 4060
2437 1 4062 4061 4064
2438 2 4061 4062 4063
2439 3 4062 4063 4065
2440 1 4067 4066 4069
2441 2 4066 4067 4068
2442 3 4067 4068 4070
2443 1 4072 4071 4074
2444 2 4071 4072 4073
2445 3 4072 4073 4075
2446 1 4077 4076 4079
2447 2 4076 4077 4078
2448 3 4077 4078 4080
2449 1 4082 4081 4084
2450 2 4081 4082 4083
2451 3 4082 4083 4085
2452 1 4087 4086 4089
2453 2 4086 4087 4088
2454 3 4087 4088 4090
2455 1 4092 4091 4094
2456 2 4091 4092 4093
2457 3 4092 4093 4095
2458 1 4097 4096 4099
2459 2 4096 4097 4098
2460 3 4097 4098 4100
2461 1 4102 4101 4104
2462 2 4101 4102 4103
2463 3 4102 4103 4105
2464 1 4107 4106 4109
2465 2 4106 4107 4108
2466 3 4107 4108 4110
2467 1 4112 4111 4114
2468 2 4111 4112 4113
2469 3 4112 4113 4115
2470 1 4117 4116 4119
2471 2 4116 4117 4118
2472 3 4117 4118 4120
2473 1 4122 4121 4124
2474 2 4121 4122 4123
2475 3 4122 4123 4125
2476 1 4127 4126 4129
2477 2 4126 4127 4128
2478 3 4127 4128 4130
2479 1 4132 4131 4134
2480 2 4131 4132 4133
2481 3 4132 4133 4135
2482 1 4137 4136 4139
2483 2 4136 4137 4138
2484 3 4137 4138 4140
2485 1 4142 4141 4144
2486 2 4141 4142 4143
2487 3 4142 4143 4145
2488 1 4147 4146 4149
2489 2 4146 4147 4148
2490 3 4147 4148 4150
2491 1 4152 4151 4154
2492 2 4151 4152 4153
2493 3 4152 4153 4155
2494 1 4157 4156 4159
2495 2 4156 4157 4158
2496 3 4157 4158 4160
2497 1 4162 4161 4164
2498 2 4161 4162 4163
2499 3 4162 4163 4165
2500 1 4167 4166 4169
2501 2 4166 4167 4168
2502 3 4167 4168 4170
2503 1 4172 4171 4174
2504 2 4171 4172 4173
2505 3 4172 4173 4175
2506 1 4177 4176 4179
2507 2 4176 4177 4178
2508 3 4177 4178 4180
2509 1 4182 4181 4184
2510 2 4181 4182 4183
2511 3 4182 4183 4185
2512 1 4187 4186 4189
2513 2 4186 4187 4188
2514 3 4187 4188 4190
2515 1 4192 4191 4194
2516 2 4191 4192 4193
2517 3 4192 4193 4195
2518 1 4197 4196 4199
2519 2 4196 4197 4198
2520 3 4197 4198 4200
2521 1 4202 4201 4204
2522 2 4201 4202 4203
2523 3 4202 4203 4205
2524 1 4207 4206 4209
2525 2 4206 4207 4208
2526 3 4207 4208 4210
2527 1 4212 4211 4214
2528 2 4211 4212 4213
2529 3 4212 4213 4215
2530 1 4217 4216 4219
2531 2 4216 4217 4218
2532 3 4217 4218 4220
2533 1 4222 4221 4224
2534 2 4221 4222 4223
2535 3 4222 4223 4225
2536 1 4227 4226 4229
2537 2 4226 4227 4228
2538 3 4227 4228 4230
2539 1 4232 4231 4234
2540 2 4231 4232 4233
2541 3 4232 4233 4235
2542 1 4237 4236 4239
2543 2 4236 4237 4238
2544 3 4237 4238 4240
2545 1 4242 4241 4244
2546 2 4241 4242 4243
2547 3 4242 4243 4245
2548 1 4247 4246 4249
2549 2 4246 4247 4248
2550 3 4247 4248 4250
2551 1 4252 4251 4254
2552 2 4251 4252 4253
2553 3 4252 4253 4255
2554 1 4257 4256 4259
2555 2 4256 4257 4258
2556 3 4257 4258 4260
2557 1 4262 4261 4264
2558 2 4261 4262 4263
2559 3 4262 4263 4265
2560 1 4267 4266 4269
2561 2 4266 4267 4268
2562 3 4267 4268 4270
2563 1 4272 4271 4274
2564 2 4271 4272 4273
2565 3 4272 4273 4275
2566 1 4277 4276 4279
2567 2 4276 4277 4278
2568 3 4277 4278 4280
2569 1 4282 4281 4284
2570 2 4281 4282 4283
2571 3 4282 4283 4285
2572 1 4287 4286 4289
2573 2 4286 4287 4288
2574 3 4287 4288 4290
2575 1 4292 4291 4294
2576 2 4291 4292 4293
2577 3 4292 4293 4295
2578 1 4297 4296 4299
2579 2 4296 4297 4298
2580 3 4297 4298 4300
2581 1 4302 4301 4304
2582 2 4301 4302 4303
2583 3 4302 4303 4305
2584 1 4307 4306 4309
2585 2 4306 4307 4308
2586 3 4307 4308 4310
2587 1 4312 4311 4314
2588 2 4311 4312 4313
2589 3 4312 4313 4315
2590 1 4317 4316 4319
2591 2 4316 4317 4318
2592 3 4317 4318 4320
2593 1 4322 4321 4324
2594 2 4321 4322 4323
2595 3 4322 4323 4325
2596 1 4327 4326 4329
2597 2 4326 4327 4328
2598 3 4327 4328 4330
2599 1 4332 4331 4334
2600 2 4331 4332 4333
2601 3 4332 4333 4335
2602 1 4337 4336 4339
2603 2 4336 4337 4338
2604 3 4337 4338 4340
2605 1 4342 4341 4344
2606 2 4341 4342 4343
2607 3 4342 4343 4345
2608 1 4347 4346 4349
2609 2 4346 4347 4348
2610 3 4347 4348 4350
2611 1 4352 4351 4354
2612 2 4351 4352 4353
2613 3 4352 4353 4355
2614 1 4357 4356 4359
2615 2 4356 4357 4358
2616 3 4357 4358 4360
2617 1 4362 4361 4364
2618 2 4361 4362 4363
2619 3 4362 4363 4365
2620 1 4367 4366 4369
2621 2 4366 4367 4368
2622 3 4367 4368 4370
2623 1 4372 4371 4374
2624 2 4371 4372 4373
2625 3 4372 4373 4375
2626 1 4377 4376 4379
2627 2 4376 4377 4378
2628 3 4377 4378 4380
2629 1 4382 4381 4384
2630 2 4381 4382 4383
2631 3 4382 4383 4385
2632 1 4387 4386 4389
2633 2 4386 4387 4388
2634 3 4387 4388 4390
2635 1 4392 4391 4394
2636 2 4391 4392 4393
2637 3 4392 4393 4395
2638 1 4397 4396 4399
2639 2 4396 4397 4398
2640 3 4397 4398 4400
2641 1 4402 4401 4404
2642 2 4401 4402 4403
2643 3 4402 4403 4405
2644 1 4407 4406 4409
2645 2 4406 4407 4408
2646 3 4407 4408 4410
2647 1 4412 4411 4414
2648 2 4411 4412 4413
2649 3 4412 4413 4415
2650 1 4417 4416 4419
2651 2 4416 4417 4418
2652 3 4417 4418 4420
2653 1 4422 4421 4424
2654 2 4421 4422 4423
2655 3 4422 4423 4425
2656 1 4427 4426 4429
2657 2 4426 4427 4428
2658 3 4427 4428 4430
2659 1 4432 4431 4434
2660 2 4431 4432 4433
2661 3 4432 4433 4435
2662 1 4437 4436 4439
2663 2 4436 4437 4438
2664 3 4437 4438 4440
2665 1 4442 4441 4444
2666 2 4441 4442 4443
2667 3 4442 4443 4445
2668 1 4447 4446 4449
2669 2 4446 4447 4448
2670 3 4447 4448 4450
2671 1 4452 4451 4454
2672 2 4451 4452 4453
2673 3 4452 4453 4455
2674 1 4457 4456 4459
2675 2 4456 4457 4458
2676 3 4457 4458 4460
2677 1 4462 4461 4464
2678 2 4461 4462 4463
2679 3 4462 4463 4465
2680 1 4467 4466 4469
2681 2 4466 4467 4468
2682 3 4467 4468 4470
2683 1 4472 4471 4474
2684 2 4471 4472 4473
2685 3 4472 4473 4475
2686 1 4477 4476 4479
2687 2 4476 4477 4478
2688 3 4477 4478 4480
2689 1 4482 4481 4484
2690 2 4481 4482 4483
2691 3 4482 4483 4485
2692 1 4487 4486 4489
2693 2 4486 4487 4488
2694 3 4487 4488 4490
2695 1 4492 4491 4494
2696 2 4491 4492 4493
2697 3 4492 4493 4495
2698 1 4497 4496 4499
2699 2 4496 4497 4498
2700 3 4497 4498 4500
2701 1 4502 4501 4504
2702 2 4501 4502 4503
2703 3 4502 4503 4505
2704 1 4507 4506 4509
2705 2 4506 4507 4508
2706 3 4507 4508 4510
2707 1 4512 4511 4514
2708 2 4511 4512 4513
2709 3 4512 4513 4515
2710 1 4517 4516 4519
2711 2 4516 4517 4518
2712 3 4517 4518 4520
2713 1 4522 4521 4524
2714 2 4521 4522 4523
2715 3 4522 4523 4525
2716 1 4527 4526 4529
2717 2 4526 4527 4528
2718 3 4527 4528 4530
2719 1 4532 4531 4534
2720 2 4531 4532 4533
2721 3 4532 4533 4535
2722 1 4537 4536 4539
2723 2 4536 4537 4538
2724 3 4537 4538 4540
2725 1 4542 4541 4544
2726 2 4541 4542 4543
2727 3 4542 4543 4545
2728 1 4547 4546 4549
2729 2 4546 4547 4548
2730 3 4547 4548 4550
2731 1 4552 4551 4554
2732 2 4551 4552 4553
2733 3 4552 4553 4555
2734 1 4557 4556 4559
2735 2 4556 4557 4558
2736 3 4557 4558 4560
2737 1 4562 4561 4564
2738 2 4561 4562 4563
2739 3 4562 4563 4565
2740 1 4567 4566 4569
2741 2 4566 4567 4568
2742 3 4567 4568 4570
2743 1 4572 4571 4574
2744 2 4571 4572 4573
2745 3 4572 4573 4575
2746 1 4577 4576 4579
2747 2 4576 4577 4578
2748 3 4577 4578 4580
2749 1 4582 4581 4584
2750 2 4581 4582 4583
2751 3 4582 4583 4585
2752 1 4587 4586 4589
2753 2 4586 4587 4588
2754 3 4587 4588 4590
2755 1 4592 4591 4594
2756 2 4591 4592 4593
2757 3 4592 4593 4595
2758 1 4597 4596 4599
2759 2 4596 4597 4598
2760 3 4597 4598 4600
2761 1 4602 4601 4604
2762 2 4601 4602 4603
2763 3 4602 4603 4605
2764 1 4607 4606 4609
2765 2 4606 4607 4608
2766 3 4607 4608 4610
2767 1 4612 4611 4614
2768 2 4611 4612 4613
2769 3 4612 4613 4615
2770 1 4617 4616 4619
2771 2 4616 4617 4618
2772 3 4617 4618 4620
2773 1 4622 4621 4624
2774 2 4621 4622 4623
2775 3 4622 4623 4625
2776 1 4627 4626 4629
2777 2 4626 4627 4628
2778 3 4627 4628 4630
2779 1 4632 4631 4634
2780 2 4631 4632 4633
2781 3 4632 4633 4635
2782 1 4637 4636 4639
2783 2 4636 4637 4638
2784 3 4637 4638 4640
2785 1 4642 4641 4644
2786 2 4641 4642 4643
2787 3 4642 4643 4645
2788 1 4647 4646 4649
2789 2 4646 4647 4648
2790 3 4647 4648 4650
2791 1 4652 4651 4654
2792 2 4651 4652 4653
2793 3 4652 4653 4655
2794 1 4657 4656 4659
2795 2 4656 4657 4658
2796 3 4657 4658 4660
2797 1 4662 4661 4664
2798 2 4661 4662 4663
2799 3 4662 4663 4665
2800 1 4667 4666 4669
2801 2 4666 4667 4668
2802 3 4667 4668 4670
2803 1 4672 4671 4674
2804 2 4671 4672 4673
2805 3 4672 4673 4675
2806 1 4677 4676 4679
2807 2 4676 4677 4678
2808 3 4677 4678 4680
2809 1 4682 4681 4684
2810 2 4681 4682 4683
2811 3 4682 4683 4685
2812 1 4687 4686 4689
2813 2 4686 4687 4688
2814 3 4687 4688 4690
2815 1 4692 4691 4694
2816 2 4691 4692 4693
2817 3 4692 4693 4695
2818 1 4697 4696 4699
2819 2 4696 4697 4698
2820 3 4697 4698 4700
2821 1 4702 4701 4704
2822 2 4701 4702 4703
2823 3 4702 4703 4705
2824 1 4707 4706 4709
2825 2 4706 4707 4708
2826 3 4707 4708 4710
2827 1 4712 4711 4714
2828 2 4711 4712 4713
2829 3 4712 4713 4715
2830 1 4717 4716 4719
2831 2 4716 4717 4718
2832 3 4717 4718 4720
2833 1 4722 4721 4724
2834 2 4721 4722 4723
2835 3 4722 4723 4725
2836 1 4727 4726 4729
2837 2 4726 4727 4728
2838 3 4727 4728 4730
2839 1 4732 4731 4734
2840 2 4731 4732 4733
2841 3 4732 4733 4735
2842 1 4737 4736 4739
2843 2 4736 4737 4738
2844 3 4737 4738 4740
2845 1 4742 4741 4744
2846 2 4741 4742 4743
2847 3 4742 4743 4745
2848 1 4747 4746 4749
2849 2 4746 4747 4748
2850 3 4747 4748 4750
2851 1 4752 4751 4754
2852 2 4751 4752 4753
2853 3 4752 4753 4755
2854 1 4757 4756 4759
2855 2 4756 4757 4758
2856 3 4757 4758 4760
2857 1 4762 4761 4764
2858 2 4761 4762 4763
2859 3 4762 4763 4765
2860 1 4767 4766 4769
2861 2 4766 4767 4768
2862 3 4767 4768 4770
2863 1 4772 4771 4774
2864 2 4771 4772 4773
2865 3 4772 4773 4775
2866 1 4777 4776 4779
2867 2 4776 4777 4778
2868 3 4777 4778 4780
2869 1 4782 4781 4784
2870 2 4781 4782 4783
2871 3 4782 4783 4785
2872 1 4787 4786 4789
2873 2 4786 4787 4788
2874 3 4787 4788 4790
2875 1 4792 4791 4794
2876 2 4791 4792 4793
2877 3 4792 4793 4795
2878 1 4797 4796 4799
2879 2 4796 4797 4798
2880 3 4797 4798 4800
2881 1 4802 4801 4804
2882 2 4801 4802 4803
2883 3 4802 4803 4805
2884 1 4807 4806 4809
2885 2 4806 4807 4808
2886 3 4807 4808 4810
2887 1 4812 4811 4814
2888 2 4811 4812 4813
2889 3 4812 4813 4815
2890 1 4817 4816 4819
2891 2 4816 4817 4818
2892 3 4817 4818 4820
2893 1 4822 4821 4824
2894 2 4821 4822 4823
2895 3 4822 4823 4825
2896 1 4827 4826 4829
2897 2 4826 4827 4828
2898 3 4827 4828 4830
2899 1 4832 4831 4834
2900 2 4831 4832 4833
2901 3 4832 4833 4835
2902 1 4837 4836 4839
2903 2 4836 4837 4838
2904 3 4837 4838 4840
2905 1 4842 4841 4844
2906 2 4841 4842 4843
2907 3 4842 4843 4845
2908 1 4847 4846 4849
2909 2 4846 4847 4848
2910 3 4847 4848 4850
2911 1 4852 4851 4854
2912 2 4851 4852 4853
2913 3 4852 4853 4855
2914 1 4857 4856 4859
2915 2 4856 4857 4858
2916 3 4857 4858 4860
2917 1 4862 4861 4864
2918 2 4861 4862 4863
2919 3 4862 4863 4865
2920 1 4867 4866 4869
2921 2 4866 4867 4868
2922 3 4867 4868 4870
2923 1 4872 4871 4874
2924 2 4871 4872 4873
2925 3 4872 4873 4875
2926 1 4877 4876 4879
2927 2 4876 4877 4878
2928 3 4877 4878 4880
2929 1 4882 4881 4884
2930 2 4881 4882 4883
2931 3 4882 4883 4885
2932 1 4887 4886 4889
2933 2 4886 4887 4888
2934 3 4887 4888 4890
2935 1 4892 4891 4894
2936 2 4891 4892 4893
2937 3 4892 4893 4895
2938 1 4897 4896 4899
2939 2 4896 4897 4898
2940 3 4897 4898 4900
2941 1 4902 4901 4904
2942 2 4901 4902 4903
2943 3 4902 4903 4905
2944 1 4907 4906 4909
2945 2 4906 4907 4908
2946 3 4907 4908 4910
2947 1 4912 4911 4914
2948 2 4911 4912 4913
2949 3 4912 4913 4915
2950 1 4917 4916 4919
2951 2 4916 4917 4918
2952 3 4917 4918 4920
2953 1 4922 4921 4924
2954 2 4921 4922 4923
2955 3 4922 4923 4925
2956 1 4927 4926 4929
2957 2 4926 4927 4928
2958 3 4927 4928 4930
2959 1 4932 4931 4934
2960 2 4931 4932 4933
2961 3 4932 4933 4935
2962 1 4937 4936 4939
2963 2 4936 4937 4938
2964 3 4937 4938 4940
2965 1 4942 4941 4944
2966 2 4941 4942 4943
2967 3 4942 4943 4945
2968 1 4947 4946 4949
2969 2 4946 4947 4948
2970 3 4947 4948 4950
2971 1 4952 4951 4954
2972 2 4951 4952 4953
2973 3 4952 4953 4955
2974 1 4957 4956 4959
2975 2 4956 4957 4958
2976 3 4957 4958 4960
2977 1 4962 4961 4964
2978 2 4961 4962 4963
2979 3 4962 4963 4965
2980 1 4967 4966 4969
2981 2 4966 4967 4968
2982 3 4967 4968 4970
2983 1 4972 4971 4974
2984 2 4971 4972 4973
2985 3 4972 4973 4975
2986 1 4977 4976 4979
2987 2 4976 4977 4978
2988 3 4977 4978 4980
2989 1 4982 4981 4984
2990 2 4981 4982 4983
2991 3 4982 4983 4985
2992 1 4987 4986 4989
2993 2 4986 4987 4988
2994 3 4987 4988 4990
2995 1 4992 4991 4994
2996 2 4991 4992 4993
2997 3 4992 4993 4995
2998 1 4997 4996 4999
2999 2 4996 4997 4998
3000 3 4997 4998 5000
