1 1 3 2 1 4
2 2 1 2 3 5
3 1 8 7 6 9
4 2 6 7 8 10
5 1 13 12 11 14
6 2 11 12 13 15
7 1 18 17 16 19
8 2 16 17 18 20
9 1 23 22 21 24
10 2 21 22 23 25
11 1 28 27 26 29
12 2 26 27 28 30
13 1 33 32 31 34
14 2 31 32 33 35
15 1 38 37 36 39
16 2 36 37 38 40
17 1 43 42 41 44
18 2 41 42 43 45
19 1 48 47 46 49
20 2 46 47 48 50
21 1 53 52 51 54
22 2 51 52 53 55
23 1 58 57 56 59
24 2 56 57 58 60
25 1 63 62 61 64
26 2 61 62 63 65
27 1 68 67 66 69
28 2 66 67 68 70
29 1 73 72 71 74
30 2 71 72 73 75
31 1 78 77 76 79
32 2 76 77 78 80
33 1 83 82 81 84
34 2 81 82 83 85
35 1 88 87 86 89
36 2 86 87 88 90
37 1 93 92 91 94
38 2 91 92 93 95
39 1 98 97 96 99
40 2 96 97 98 100
41 1 103 102 101 104
42 2 101 102 103 105
43 1 108 107 106 109
44 2 106 107 108 110
45 1 113 112 111 114
46 2 111 112 113 115
47 1 118 117 116 119
48 2 116 117 118 120
49 1 123 122 121 124
50 2 121 122 123 125
51 1 128 127 126 129
52 2 126 127 128 130
53 1 133 132 131 134
54 2 131 132 133 135
55 1 138 137 136 139
56 2 136 137 138 140
57 1 143 142 141 144
58 2 141 142 143 145
59 1 148 147 146 149
60 2 146 147 148 150
61 1 153 152 151 154
62 2 151 152 153 155
63 1 158 157 156 159
64 2 156 157 158 160
65 1 163 162 161 164
66 2 161 162 163 165
67 1 168 167 166 169
68 2 166 167 168 170
69 1 173 172 171 174
70 2 171 172 173 175
71 1 178 177 176 179
72 2 176 177 178 180
73 1 183 182 181 184
74 2 181 182 183 185
75 1 188 187 186 189
76 2 186 187 188 190
77 1 193 192 191 194
78 2 191 192 193 195
79 1 198 197 196 199
80 2 196 197 198 200
81 1 203 202 201 204
82 2 201 202 203 205
83 1 208 207 206 209
84 2 206 207 208 210
85 1 213 212 211 214
86 2 211 212 213 215
87 1 218 217 216 219
88 2 216 217 218 220
89 1 223 222 221 224
90 2 221 222 223 225
91 1 228 227 226 229
92 2 226 227 228 230
93 1 233 232 231 234
94 2 231 232 233 235
95 1 238 237 236 239
96 2 236 237 238 240
97 1 243 242 241 244
98 2 241 242 243 245
99 1 248 247 246 249
100 2 246 247 248 250
101 1 253 252 251 254
102 2 251 252 253 255
103 1 258 257 256 259
104 2 256 257 258 260
105 1 263 262 261 264
106 2 261 262 263 265
107 1 268 267 266 269
108 2 266 267 268 270
109 1 273 272 271 274
110 2 271 272 273 275
111 1 278 277 276 279
112 2 276 277 278 280
113 1 283 282 281 284
114 2 281 282 283 285
115 1 288 287 286 289
116 2 286 287 288 290
117 1 293 292 291 294
118 2 291 292 293 295
119 1 298 297 296 299
120 2 296 297 298 300
121 1 303 302 301 304
122 2 301 302 303 305
123 1 308 307 306 309
124 2 306 307 308 310
125 1 313 312 311 314
126 2 311 312 313 315
127 1 318 317 316 319
128 2 316 317 318 320
129 1 323 322 321 324
130 2 321 322 323 325
131 1 328 327 326 329
132 2 326 327 328 330
133 1 333 332 331 334
134 2 331 332 333 335
135 1 338 337 336 339
136 2 336 337 338 340
137 1 343 342 341 344
138 2 341 342 343 345
139 1 348 347 346 349
140 2 346 347 348 350
141 1 353 352 351 354
142 2 351 352 353 355
143 1 358 357 356 359
144 2 356 357 358 360
145 1 363 362 361 364
146 2 361 362 363 365
147 1 368 367 366 369
148 2 366 367 368 370
149 1 373 372 371 374
150 2 371 372 373 375
151 1 378 377 376 379
152 2 376 377 378 380
153 1 383 382 381 384
154 2 381 382 383 385
155 1 388 387 386 389
156 2 386 387 388 390
157 1 393 392 391 394
158 2 391 392 393 395
159 1 398 397 396 399
160 2 396 397 398 400
161 1 403 402 401 404
162 2 401 402 403 405
163 1 408 407 406 409
164 2 406 407 408 410
165 1 413 412 411 414
166 2 411 412 413 415
167 1 418 417 416 419
168 2 416 417 418 420
169 1 423 422 421 424
170 2 421 422 423 425
171 1 428 427 426 429
172 2 426 427 428 430
173 1 433 432 431 434
174 2 431 432 433 435
175 1 438 437 436 439
176 2 436 437 438 440
177 1 443 442 441 444
178 2 441 442 443 445
179 1 448 447 446 449
180 2 446 447 448 450
181 1 453 452 451 454
182 2 451 452 453 455
183 1 458 457 456 459
184 2 456 457 458 460
185 1 463 462 461 464
186 2 461 462 463 465
187 1 468 467 466 469
188 2 466 467 468 470
189 1 473 472 471 474
190 2 471 472 473 475
191 1 478 477 476 479
192 2 476 477 478 480
193 1 483 482 481 484
194 2 481 482 483 485
195 1 488 487 486 489
196 2 486 487 488 490
197 1 493 492 491 494
198 2 491 492 493 495
199 1 498 497 496 499
200 2 496 497 498 500
201 1 503 502 501 504
202 2 501 502 503 505
203 1 508 507 506 509
204 2 506 507 508 510
205 1 513 512 511 514
206 2 511 512 513 515
207 1 518 517 516 519
208 2 516 517 518 520
209 1 523 522 521 524
210 2 521 522 523 525
211 1 528 527 526 529
212 2 526 527 528 530
213 1 533 532 531 534
214 2 531 532 533 535
215 1 538 537 536 539
216 2 536 537 538 540
217 1 543 542 541 544
218 2 541 542 543 545
219 1 548 547 546 549
220 2 546 547 548 550
221 1 553 552 551 554
222 2 551 552 553 555
223 1 558 557 556 559
224 2 556 557 558 560
225 1 563 562 561 564
226 2 561 562 563 565
227 1 568 567 566 569
228 2 566 567 568 570
229 1 573 572 571 574
230 2 571 572 573 575
231 1 578 577 576 579
232 2 576 577 578 580
233 1 583 582 581 584
234 2 581 582 583 585
235 1 588 587 586 589
236 2 586 587 588 590
237 1 593 592 591 594
238 2 591 592 593 595
239 1 598 597 596 599
240 2 596 597 598 600
241 1 603 602 601 604
242 2 601 602 603 605
243 1 608 607 606 609
244 2 606 607 608 610
245 1 613 612 611 614
246 2 611 612 613 615
247 1 618 617 616 619
248 2 616 617 618 620
249 1 623 622 621 624
250 2 621 622 623 625
251 1 628 627 626 629
252 2 626 627 628 630
253 1 633 632 631 634
254 2 631 632 633 635
255 1 638 637 636 639
256 2 636 637 638 640
257 1 643 642 641 644
258 2 641 642 643 645
259 1 648 647 646 649
260 2 646 647 648 650
261 1 653 652 651 654
262 2 651 652 653 655
263 1 658 657 656 659
264 2 656 657 658 660
265 1 663 662 661 664
266 2 661 662 663 665
267 1 668 667 666 669
268 2 666 667 668 670
269 1 673 672 671 674
270 2 671 672 673 675
271 1 678 677 676 679
272 2 676 677 678 680
273 1 683 682 681 684
274 2 681 682 683 685
275 1 688 687 686 689
276 2 686 687 688 690
277 1 693 692 691 694
278 2 691 692 693 695
279 1 698 697 696 699
280 2 696 697 698 700
281 1 703 702 701 704
282 2 701 702 703 705
283 1 708 707 706 709
284 2 706 707 708 710
285 1 713 712 711 714
286 2 711 712 713 715
287 1 718 717 716 719
288 2 716 717 718 720
289 1 723 722 721 724
290 2 721 722 723 725
291 1 728 727 726 729
292 2 726 727 728 730
293 1 733 732 731 734
294 2 731 732 733 735
295 1 738 737 736 739
296 2 736 737 738 740
297 1 743 742 741 744
298 2 741 742 743 745
299 1 748 747 746 749
300 2 746 747 748 750
301 1 753 752 751 754
302 2 751 752 753 755
303 1 758 757 756 759
304 2 756 757 758 760
305 1 763 762 761 764
306 2 761 762 763 765
307 1 768 767 766 769
308 2 766 767 768 770
309 1 773 772 771 774
310 2 771 772 773 775
311 1 778 777 776 779
312 2 776 777 778 780
313 1 783 782 781 784
314 2 781 782 783 785
315 1 788 787 786 789
316 2 786 787 788 790
317 1 793 792 791 794
318 2 791 792 793 795
319 1 798 797 796 799
320 2 796 797 798 800
321 1 803 802 801 804
322 2 801 802 803 805
323 1 808 807 806 809
324 2 806 807 808 810
325 1 813 812 811 814
326 2 811 812 813 815
327 1 818 817 816 819
328 2 816 817 818 820
329 1 823 822 821 824
330 2 821 822 823 825
331 1 828 827 826 829
332 2 826 827 828 830
333 1 833 832 831 834
334 2 831 832 833 835
335 1 838 837 836 839
336 2 836 837 838 840
337 1 843 842 841 844
338 2 841 842 843 845
339 1 848 847 846 849
340 2 846 847 848 850
341 1 853 852 851 854
342 2 851 852 853 855
343 1 858 857 856 859
344 2 856 857 858 860
345 1 863 862 861 864
346 2 861 862 863 865
347 1 868 867 866 869
348 2 866 867 868 870
349 1 873 872 871 874
350 2 871 872 873 875
351 1 878 877 876 879
352 2 876 877 878 880
353 1 883 882 881 884
354 2 881 882 883 885
355 1 888 887 886 889
356 2 886 887 888 890
357 1 893 892 891 894
358 2 891 892 893 895
359 1 898 897 896 899
360 2 896 897 898 900
361 1 903 902 901 904
362 2 901 902 903 905
363 1 908 907 906 909
364 2 906 907 908 910
365 1 913 912 911 914
366 2 911 912 913 915
367 1 918 917 916 919
368 2 916 917 918 920
369 1 923 922 921 924
370 2 921 922 923 925
371 1 928 927 926 929
372 2 926 927 928 930
373 1 933 932 931 934
374 2 931 932 933 935
375 1 938 937 936 939
376 2 936 937 938 940
377 1 943 942 941 944
378 2 941 942 943 945
379 1 948 947 946 949
380 2 946 947 948 950
381 1 953 952 951 954
382 2 951 952 953 955
383 1 958 957 956 959
384 2 956 957 958 960
385 1 963 962 961 964
386 2 961 962 963 965
387 1 968 967 966 969
388 2 966 967 968 970
389 1 973 972 971 974
390 2 971 972 973 975
391 1 978 977 976 979
392 2 976 977 978 980
393 1 983 982 981 984
394 2 981 982 983 985
395 1 988 987 986 989
396 2 986 987 988 990
397 1 993 992 991 994
398 2 991 992 993 995
399 1 998 997 996 999
400 2 996 997 998 1000
401 1 1003 1002 1001 1004
402 2 1001 1002 1003 1005
403 1 1008 1007 1006 1009
404 2 1006 1007 1008 1010
405 1 1013 1012 1011 1014
406 2 1011 1012 1013 1015
407 1 1018 1017 1016 1019
408 2 1016 1017 1018 1020
409 1 1023 1022 1021 1024
410 2 1021 1022 1023 1025
411 1 1028 1027 1026 1029
412 2 1026 1027 1028 1030
413 1 1033 1032 1031 1034
414 2 1031 1032 1033 1035
415 1 1038 1037 1036 1039
416 2 1036 1037 1038 1040
417 1 1043 1042 1041 1044
418 2 1041 1042 1043 1045
419 1 1048 1047 1046 1049
420 2 1046 1047 1048 1050
421 1 1053 1052 1051 1054
422 2 1051 1052 1053 1055
423 1 1058 1057 1056 1059
424 2 1056 1057 1058 1060
425 1 1063 1062 1061 1064
426 2 1061 1062 1063 1065
427 1 1068 1067 1066 1069
428 2 1066 1067 1068 1070
429 1 1073 1072 1071 1074
430 2 1071 1072 1073 1075
431 1 1078 1077 1076 1079
432 2 1076 1077 1078 1080
433 1 1083 1082 1081 1084
434 2 1081 1082 1083 1085
435 1 1088 1087 1086 1089
436 2 1086 1087 1088 1090
437 1 1093 1092 1091 1094
438 2 1091 1092 1093 1095
439 1 1098 1097 1096 1099
440 2 1096 1097 1098 1100
441 1 1103 1102 1101 1104
442 2 1101 1102 1103 1105
443 1 1108 1107 1106 1109
444 2 1106 1107 1108 1110
445 1 1113 1112 1111 1114
446 2 1111 1112 1113 1115
447 1 1118 1117 1116 1119
448 2 1116 1117 1118 1120
449 1 1123 1122 1121 1124
450 2 1121 1122 1123 1125
451 1 1128 1127 1126 1129
452 2 1126 1127 1128 1130
453 1 1133 1132 1131 1134
454 2 1131 1132 1133 1135
455 1 1138 1137 1136 1139
456 2 1136 1137 1138 1140
457 1 1143 1142 1141 1144
458 2 1141 1142 1143 1145
459 1 1148 1147 1146 1149
460 2 1146 1147 1148 1150
461 1 1153 1152 1151 1154
462 2 1151 1152 1153 1155
463 1 1158 1157 1156 1159
464 2 1156 1157 1158 1160
465 1 1163 1162 1161 1164
466 2 1161 1162 1163 1165
467 1 1168 1167 1166 1169
468 2 1166 1167 1168 1170
469 1 1173 1172 1171 1174
470 2 1171 1172 1173 1175
471 1 1178 1177 1176 1179
472 2 1176 1177 1178 1180
473 1 1183 1182 1181 1184
474 2 1181 1182 1183 1185
475 1 1188 1187 1186 1189
476 2 1186 1187 1188 1190
477 1 1193 1192 1191 1194
478 2 1191 1192 1193 1195
479 1 1198 1197 1196 1199
480 2 1196 1197 1198 1200
481 1 1203 1202 1201 1204
482 2 1201 1202 1203 1205
483 1 1208 1207 1206 1209
484 2 1206 1207 1208 1210
485 1 1213 1212 1211 1214
486 2 1211 1212 1213 1215
487 1 1218 1217 1216 1219
488 2 1216 1217 1218 1220
489 1 1223 1222 1221 1224
490 2 1221 1222 1223 1225
491 1 1228 1227 1226 1229
492 2 1226 1227 1228 1230
493 1 1233 1232 1231 1234
494 2 1231 1232 1233 1235
495 1 1238 1237 1236 1239
496 2 1236 1237 1238 1240
497 1 1243 1242 1241 1244
498 2 1241 1242 1243 1245
499 1 1248 1247 1246 1249
500 2 1246 1247 1248 1250
501 1 1253 1252 1251 1254
502 2 1251 1252 1253 1255
503 1 1258 1257 1256 1259
504 2 1256 1257 1258 1260
505 1 1263 1262 1261 1264
506 2 1261 1262 1263 1265
507 1 1268 1267 1266 1269
508 2 1266 1267 1268 1270
509 1 1273 1272 1271 1274
510 2 1271 1272 1273 1275
511 1 1278 1277 1276 1279
512 2 1276 1277 1278 1280
513 1 1283 1282 1281 1284
514 2 1281 1282 1283 1285
515 1 1288 1287 1286 1289
516 2 1286 1287 1288 1290
517 1 1293 1292 1291 1294
518 2 1291 1292 1293 1295
519 1 1298 1297 1296 1299
520 2 1296 1297 1298 1300
521 1 1303 1302 1301 1304
522 2 1301 1302 1303 1305
523 1 1308 1307 1306 1309
524 2 1306 1307 1308 1310
525 1 1313 1312 1311 1314
526 2 1311 1312 1313 1315
527 1 1318 1317 1316 1319
528 2 1316 1317 1318 1320
529 1 1323 1322 1321 1324
530 2 1321 1322 1323 1325
531 1 1328 1327 1326 1329
532 2 1326 1327 1328 1330
533 1 1333 1332 1331 1334
534 2 1331 1332 1333 1335
535 1 1338 1337 1336 1339
536 2 1336 1337 1338 1340
537 1 1343 1342 1341 1344
538 2 1341 1342 1343 1345
539 1 1348 1347 1346 1349
540 2 1346 1347 1348 1350
541 1 1353 1352 1351 1354
542 2 1351 1352 1353 1355
543 1 1358 1357 1356 1359
544 2 1356 1357 1358 1360
545 1 1363 1362 1361 1364
546 2 1361 1362 1363 1365
547 1 1368 1367 1366 1369
548 2 1366 1367 1368 1370
549 1 1373 1372 1371 1374
550 2 1371 1372 1373 1375
551 1 1378 1377 1376 1379
552 2 1376 1377 1378 1380
553 1 1383 1382 1381 1384
554 2 1381 1382 1383 1385
555 1 1388 1387 1386 1389
556 2 1386 1387 1388 1390
557 1 1393 1392 1391 1394
558 2 1391 1392 1393 1395
559 1 1398 1397 1396 1399
560 2 1396 1397 1398 1400
561 1 1403 1402 1401 1404
562 2 1401 1402 1403 1405
563 1 1408 1407 1406 1409
564 2 1406 1407 1408 1410
565 1 1413 1412 1411 1414
566 2 1411 1412 1413 1415
567 1 1418 1417 1416 1419
568 2 1416 1417 1418 1420
569 1 1423 1422 1421 1424
570 2 1421 1422 1423 1425
571 1 1428 1427 1426 1429
572 2 1426 1427 1428 1430
573 1 1433 1432 1431 1434
574 2 1431 1432 1433 1435
575 1 1438 1437 1436 1439
576 2 1436 1437 1438 1440
577 1 1443 1442 1441 1444
578 2 1441 1442 1443 1445
579 1 1448 1447 1446 1449
580 2 1446 1447 1448 1450
581 1 1453 1452 1451 1454
582 2 1451 1452 1453 1455
583 1 1458 1457 1456 1459
584 2 1456 1457 1458 1460
585 1 1463 1462 1461 1464
586 2 1461 1462 1463 1465
587 1 1468 1467 1466 1469
588 2 1466 1467 1468 1470
589 1 1473 1472 1471 1474
590 2 1471 1472 1473 1475
591 1 1478 1477 1476 1479
592 2 1476 1477 1478 1480
593 1 1483 1482 1481 1484
594 2 1481 1482 1483 1485
595 1 1488 1487 1486 1489
596 2 1486 1487 1488 1490
597 1 1493 1492 1491 1494
598 2 1491 1492 1493 1495
599 1 1498 1497 1496 1499
600 2 1496 1497 1498 1500
601 1 1503 1502 1501 1504
602 2 1501 1502 1503 1505
603 1 1508 1507 1506 1509
604 2 1506 1507 1508 1510
605 1 1513 1512 1511 1514
606 2 1511 1512 1513 1515
607 1 1518 1517 1516 1519
608 2 1516 1517 1518 1520
609 1 1523 1522 1521 1524
610 2 1521 1522 1523 1525
611 1 1528 1527 1526 1529
612 2 1526 1527 1528 1530
613 1 1533 1532 1531 1534
614 2 1531 1532 1533 1535
615 1 1538 1537 1536 1539
616 2 1536 1537 1538 1540
617 1 1543 1542 1541 1544
618 2 1541 1542 1543 1545
619 1 1548 1547 1546 1549
620 2 1546 1547 1548 1550
621 1 1553 1552 1551 1554
622 2 1551 1552 1553 1555
623 1 1558 1557 1556 1559
624 2 1556 1557 1558 1560
625 1 1563 1562 1561 1564
626 2 1561 1562 1563 1565
627 1 1568 1567 1566 1569
628 2 1566 1567 1568 1570
629 1 1573 1572 1571 1574
630 2 1571 1572 1573 1575
631 1 1578 1577 1576 1579
632 2 1576 1577 1578 1580
633 1 1583 1582 1581 1584
634 2 1581 1582 1583 1585
635 1 1588 1587 1586 1589
636 2 1586 1587 1588 1590
637 1 1593 1592 1591 1594
638 2 1591 1592 1593 1595
639 1 1598 1597 1596 1599
640 2 1596 1597 1598 1600
641 1 1603 1602 1601 1604
642 2 1601 1602 1603 1605
643 1 1608 1607 1606 1609
644 2 1606 1607 1608 1610
645 1 1613 1612 1611 1614
646 2 1611 1612 1613 1615
647 1 1618 1617 1616 1619
648 2 1616 1617 1618 1620
649 1 1623 1622 1621 1624
650 2 1621 1622 1623 1625
651 1 1628 1627 1626 1629
652 2 1626 1627 1628 1630
653 1 1633 1632 1631 1634
654 2 1631 1632 1633 1635
655 1 1638 1637 1636 1639
656 2 1636 1637 1638 1640
657 1 1643 1642 1641 1644
658 2 1641 1642 1643 1645
659 1 1648 1647 1646 1649
660 2 1646 1647 1648 1650
661 1 1653 1652 1651 1654
662 2 1651 1652 1653 1655
663 1 1658 1657 1656 1659
664 2 1656 1657 1658 1660
665 1 1663 1662 1661 1664
666 2 1661 1662 1663 1665
667 1 1668 1667 1666 1669
668 2 1666 1667 1668 1670
669 1 1673 1672 1671 1674
670 2 1671 1672 1673 1675
671 1 1678 1677 1676 1679
672 2 1676 1677 1678 1680
673 1 1683 1682 1681 1684
674 2 1681 1682 1683 1685
675 1 1688 1687 1686 1689
676 2 1686 1687 1688 1690
677 1 1693 1692 1691 1694
678 2 1691 1692 1693 1695
679 1 1698 1697 1696 1699
680 2 1696 1697 1698 1700
681 1 1703 1702 1701 1704
682 2 1701 1702 1703 1705
683 1 1708 1707 1706 1709
684 2 1706 1707 1708 1710
685 1 1713 1712 1711 1714
686 2 1711 1712 1713 1715
687 1 1718 1717 1716 1719
688 2 1716 1717 1718 1720
689 1 1723 1722 1721 1724
690 2 1721 1722 1723 1725
691 1 1728 1727 1726 1729
692 2 1726 1727 1728 1730
693 1 1733 1732 1731 1734
694 2 1731 1732 1733 1735
695 1 1738 1737 1736 1739
696 2 1736 1737 1738 1740
697 1 1743 1742 1741 1744
698 2 1741 1742 1743 1745
699 1 1748 1747 1746 1749
700 2 1746 1747 1748 1750
701 1 1753 1752 1751 1754
702 2 1751 1752 1753 1755
703 1 1758 1757 1756 1759
704 2 1756 1757 1758 1760
705 1 1763 1762 1761 1764
706 2 1761 1762 1763 1765
707 1 1768 1767 1766 1769
708 2 1766 1767 1768 1770
709 1 1773 1772 1771 1774
710 2 1771 1772 1773 1775
711 1 1778 1777 1776 1779
712 2 1776 1777 1778 1780
713 1 1783 1782 1781 1784
714 2 1781 1782 1783 1785
715 1 1788 1787 1786 1789
716 2 1786 1787 1788 1790
717 1 1793 1792 1791 1794
718 2 1791 1792 1793 1795
719 1 1798 1797 1796 1799
720 2 1796 1797 1798 1800
721 1 1803 1802 1801 1804
722 2 1801 1802 1803 1805
723 1 1808 1807 1806 1809
724 2 1806 1807 1808 1810
725 1 1813 1812 1811 1814
726 2 1811 1812 1813 1815
727 1 1818 1817 1816 1819
728 2 1816 1817 1818 1820
729 1 1823 1822 1821 1824
730 2 1821 1822 1823 1825
731 1 1828 1827 1826 1829
732 2 1826 1827 1828 1830
733 1 1833 1832 1831 1834
734 2 1831 1832 1833 1835
735 1 1838 1837 1836 1839
736 2 1836 1837 1838 1840
737 1 1843 1842 1841 1844
738 2 1841 1842 1843 1845
739 1 1848 1847 1846 1849
740 2 1846 1847 1848 1850
741 1 1853 1852 1851 1854
742 2 1851 1852 1853 1855
743 1 1858 1857 1856 1859
744 2 1856 1857 1858 1860
745 1 1863 1862 1861 1864
746 2 1861 1862 1863 1865
747 1 1868 1867 1866 1869
748 2 1866 1867 1868 1870
749 1 1873 1872 1871 1874
750 2 1871 1872 1873 1875
751 1 1878 1877 1876 1879
752 2 1876 1877 1878 1880
753 1 1883 1882 1881 1884
754 2 1881 1882 1883 1885
755 1 1888 1887 1886 1889
756 2 1886 1887 1888 1890
757 1 1893 1892 1891 1894
758 2 1891 1892 1893 1895
759 1 1898 1897 1896 1899
760 2 1896 1897 1898 1900
761 1 1903 1902 1901 1904
762 2 1901 1902 1903 1905
763 1 1908 1907 1906 1909
764 2 1906 1907 1908 1910
765 1 1913 1912 1911 1914
766 2 1911 1912 1913 1915
767 1 1918 1917 1916 1919
768 2 1916 1917 1918 1920
769 1 1923 1922 1921 1924
770 2 1921 1922 1923 1925
771 1 1928 1927 1926 1929
772 2 1926 1927 1928 1930
773 1 1933 1932 1931 1934
774 2 1931 1932 1933 1935
775 1 1938 1937 1936 1939
776 2 1936 1937 1938 1940
777 1 1943 1942 1941 1944
778 2 1941 1942 1943 1945
779 1 1948 1947 1946 1949
780 2 1946 1947 1948 1950
781 1 1953 1952 1951 1954
782 2 1951 1952 1953 1955
783 1 1958 1957 1956 1959
784 2 1956 1957 1958 1960
785 1 1963 1962 1961 1964
786 2 1961 1962 1963 1965
787 1 1968 1967 1966 1969
788 2 1966 1967 1968 1970
789 1 1973 1972 1971 1974
790 2 1971 1972 1973 1975
791 1 1978 1977 1976 1979
792 2 1976 1977 1978 1980
793 1 1983 1982 1981 1984
794 2 1981 1982 1983 1985
795 1 1988 1987 1986 1989
796 2 1986 1987 1988 1990
797 1 1993 1992 1991 1994
798 2 1991 1992 1993 1995
799 1 1998 1997 1996 1999
800 2 1996 1997 1998 2000
801 1 2003 2002 2001 2004
802 2 2001 2002 2003 2005
803 1 2008 2007 2006 2009
804 2 2006 2007 2008 2010
805 1 2013 2012 2011 2014
806 2 2011 2012 2013 2015
807 1 2018 2017 2016 2019
808 2 2016 2017 2018 2020
809 1 2023 2022 2021 2024
810 2 2021 2022 2023 2025
811 1 2028 2027 2026 2029
812 2 2026 2027 2028 2030
813 1 2033 2032 2031 2034
814 2 2031 2032 2033 2035
815 1 2038 2037 2036 2039
816 2 2036 2037 2038 2040
817 1 2043 2042 2041 2044
818 2 2041 2042 2043 2045
819 1 2048 2047 2046 2049
820 2 2046 2047 2048 2050
821 1 2053 2052 2051 2054
822 2 2051 2052 2053 2055
823 1 2058 2057 2056 2059
824 2 2056 2057 2058 2060
825 1 2063 2062 2061 2064
826 2 2061 2062 2063 2065
827 1 2068 2067 2066 2069
828 2 2066 2067 2068 2070
829 1 2073 2072 2071 2074
830 2 2071 2072 2073 2075
831 1 2078 2077 2076 2079
832 2 2076 2077 2078 2080
833 1 2083 2082 2081 2084
834 2 2081 2082 2083 2085
835 1 2088 2087 2086 2089
836 2 2086 2087 2088 2090
837 1 2093 2092 2091 2094
838 2 2091 2092 2093 2095
839 1 2098 2097 2096 2099
840 2 2096 2097 2098 2100
841 1 2103 2102 2101 2104
842 2 2101 2102 2103 2105
843 1 2108 2107 2106 2109
844 2 2106 2107 2108 2110
845 1 2113 2112 2111 2114
846 2 2111 2112 2113 2115
847 1 2118 2117 2116 2119
848 2 2116 2117 2118 2120
849 1 2123 2122 2121 2124
850 2 2121 2122 2123 2125
851 1 2128 2127 2126 2129
852 2 2126 2127 2128 2130
853 1 2133 2132 2131 2134
854 2 2131 2132 2133 2135
855 1 2138 2137 2136 2139
856 2 2136 2137 2138 2140
857 1 2143 2142 2141 2144
858 2 2141 2142 2143 2145
859 1 2148 2147 2146 2149
860 2 2146 2147 2148 2150
861 1 2153 2152 2151 2154
862 2 2151 2152 2153 2155
863 1 2158 2157 2156 2159
864 2 2156 2157 2158 2160
865 1 2163 2162 2161 2164
866 2 2161 2162 2163 2165
867 1 2168 2167 2166 2169
868 2 2166 2167 2168 2170
869 1 2173 2172 2171 2174
870 2 2171 2172 2173 2175
871 1 2178 2177 2176 2179
872 2 2176 2177 2178 2180
873 1 2183 2182 2181 2184
874 2 2181 2182 2183 2185
875 1 2188 2187 2186 2189
876 2 2186 2187 2188 2190
877 1 2193 2192 2191 2194
878 2 2191 2192 2193 2195
879 1 2198 2197 2196 2199
880 2 2196 2197 2198 2200
881 1 2203 2202 2201 2204
882 2 2201 2202 2203 2205
883 1 2208 2207 2206 2209
884 2 2206 2207 2208 2210
885 1 2213 2212 2211 2214
886 2 2211 2212 2213 2215
887 1 2218 2217 2216 2219
888 2 2216 2217 2218 2220
889 1 2223 2222 2221 2224
890 2 2221 2222 2223 2225
891 1 2228 2227 2226 2229
892 2 2226 2227 2228 2230
893 1 2233 2232 2231 2234
894 2 2231 2232 2233 2235
895 1 2238 2237 2236 2239
896 2 2236 2237 2238 2240
897 1 2243 2242 2241 2244
898 2 2241 2242 2243 2245
899 1 2248 2247 2246 2249
900 2 2246 2247 2248 2250
901 1 2253 2252 2251 2254
902 2 2251 2252 2253 2255
903 1 2258 2257 2256 2259
904 2 2256 2257 2258 2260
905 1 2263 2262 2261 2264
906 2 2261 2262 2263 2265
907 1 2268 2267 2266 2269
908 2 2266 2267 2268 2270
909 1 2273 2272 2271 2274
910 2 2271 2272 2273 2275
911 1 2278 2277 2276 2279
912 2 2276 2277 2278 2280
913 1 2283 2282 2281 2284
914 2 2281 2282 2283 2285
915 1 2288 2287 2286 2289
916 2 2286 2287 2288 2290
917 1 2293 2292 2291 2294
918 2 2291 2292 2293 2295
919 1 2298 2297 2296 2299
920 2 2296 2297 2298 2300
921 1 2303 2302 2301 2304
922 2 2301 2302 2303 2305
923 1 2308 2307 2306 2309
924 2 2306 2307 2308 2310
925 1 2313 2312 2311 2314
926 2 2311 2312 2313 2315
927 1 2318 2317 2316 2319
928 2 2316 2317 2318 2320
929 1 2323 2322 2321 2324
930 2 2321 2322 2323 2325
931 1 2328 2327 2326 2329
932 2 2326 2327 2328 2330
933 1 2333 2332 2331 2334
934 2 2331 2332 2333 2335
935 1 2338 2337 2336 2339
936 2 2336 2337 2338 2340
937 1 2343 2342 2341 2344
938 2 2341 2342 2343 2345
939 1 2348 2347 2346 2349
940 2 2346 2347 2348 2350
941 1 2353 2352 2351 2354
942 2 2351 2352 2353 2355
943 1 2358 2357 2356 2359
944 2 2356 2357 2358 2360
945 1 2363 2362 2361 2364
946 2 2361 2362 2363 2365
947 1 2368 2367 2366 2369
948 2 2366 2367 2368 2370
949 1 2373 2372 2371 2374
950 2 2371 2372 2373 2375
951 1 2378 2377 2376 2379
952 2 2376 2377 2378 2380
953 1 2383 2382 2381 2384
954 2 2381 2382 2383 2385
955 1 2388 2387 2386 2389
956 2 2386 2387 2388 2390
957 1 2393 2392 2391 2394
958 2 2391 2392 2393 2395
959 1 2398 2397 2396 2399
960 2 2396 2397 2398 2400
961 1 2403 2402 2401 2404
962 2 2401 2402 2403 2405
963 1 2408 2407 2406 2409
964 2 2406 2407 2408 2410
965 1 2413 2412 2411 2414
966 2 2411 2412 2413 2415
967 1 2418 2417 2416 2419
968 2 2416 2417 2418 2420
969 1 2423 2422 2421 2424
970 2 2421 2422 2423 2425
971 1 2428 2427 2426 2429
972 2 2426 2427 2428 2430
973 1 2433 2432 2431 2434
974 2 2431 2432 2433 2435
975 1 2438 2437 2436 2439
976 2 2436 2437 2438 2440
977 1 2443 2442 2441 2444
978 2 2441 2442 2443 2445
979 1 2448 2447 2446 2449
980 2 2446 2447 2448 2450
981 1 2453 2452 2451 2454
982 2 2451 2452 2453 2455
983 1 2458 2457 2456 2459
984 2 2456 2457 2458 2460
985 1 2463 2462 2461 2464
986 2 2461 2462 2463 2465
987 1 2468 2467 2466 2469
988 2 2466 2467 2468 2470
989 1 2473 2472 2471 2474
990 2 2471 2472 2473 2475
991 1 2478 2477 2476 2479
992 2 2476 2477 2478 2480
993 1 2483 2482 2481 2484
994 2 2481 2482 2483 2485
995 1 2488 2487 2486 2489
996 2 2486 2487 2488 2490
997 1 2493 2492 2491 2494
998 2 2491 2492 2493 2495
999 1 2498 2497 2496 2499
1000 2 2496 2497 2498 2500
1001 1 2503 2502 2501 2504
1002 2 2501 2502 2503 2505
1003 1 2508 2507 2506 2509
1004 2 2506 2507 2508 2510
1005 1 2513 2512 2511 2514
1006 2 2511 2512 2513 2515
1007 1 2518 2517 2516 2519
1008 2 2516 2517 2518 2520
1009 1 2523 2522 2521 2524
1010 2 2521 2522 2523 2525
1011 1 2528 2527 2526 2529
1012 2 2526 2527 2528 2530
1013 1 2533 2532 2531 2534
1014 2 2531 2532 2533 2535
1015 1 2538 2537 2536 2539
1016 2 2536 2537 2538 2540
1017 1 2543 2542 2541 2544
1018 2 2541 2542 2543 2545
1019 1 2548 2547 2546 2549
1020 2 2546 2547 2548 2550
1021 1 2553 2552 2551 2554
1022 2 2551 2552 2553 2555
1023 1 2558 2557 2556 2559
1024 2 2556 2557 2558 2560
1025 1 2563 2562 2561 2564
1026 2 2561 2562 2563 2565
1027 1 2568 2567 2566 2569
1028 2 2566 2567 2568 2570
1029 1 2573 2572 2571 2574
1030 2 2571 2572 2573 2575
1031 1 2578 2577 2576 2579
1032 2 2576 2577 2578 2580
1033 1 2583 2582 2581 2584
1034 2 2581 2582 2583 2585
1035 1 2588 2587 2586 2589
1036 2 2586 2587 2588 2590
1037 1 2593 2592 2591 2594
1038 2 2591 2592 2593 2595
1039 1 2598 2597 2596 2599
1040 2 2596 2597 2598 2600
1041 1 2603 2602 2601 2604
1042 2 2601 2602 2603 2605
1043 1 2608 2607 2606 2609
1044 2 2606 2607 2608 2610
1045 1 2613 2612 2611 2614
1046 2 2611 2612 2613 2615
1047 1 2618 2617 2616 2619
1048 2 2616 2617 2618 2620
1049 1 2623 2622 2621 2624
1050 2 2621 2622 2623 2625
1051 1 2628 2627 2626 2629
1052 2 2626 2627 2628 2630
1053 1 2633 2632 2631 2634
1054 2 2631 2632 2633 2635
1055 1 2638 2637 2636 2639
1056 2 2636 2637 2638 2640
1057 1 2643 2642 2641 2644
1058 2 2641 2642 2643 2645
1059 1 2648 2647 2646 2649
1060 2 2646 2647 2648 2650
1061 1 2653 2652 2651 2654
1062 2 2651 2652 2653 2655
1063 1 2658 2657 2656 2659
1064 2 2656 2657 2658 2660
1065 1 2663 2662 2661 2664
1066 2 2661 2662 2663 2665
1067 1 2668 2667 2666 2669
1068 2 2666 2667 2668 2670
1069 1 2673 2672 2671 2674
1070 2 2671 2672 2673 2675
1071 1 2678 2677 2676 2679
1072 2 2676 2677 2678 2680
1073 1 2683 2682 2681 2684
1074 2 2681 2682 2683 2685
1075 1 2688 2687 2686 2689
1076 2 2686 2687 2688 2690
1077 1 2693 2692 2691 2694
1078 2 2691 2692 2693 2695
1079 1 2698 2697 2696 2699
1080 2 2696 2697 2698 2700
1081 1 2703 2702 2701 2704
1082 2 2701 2702 2703 2705
1083 1 2708 2707 2706 2709
1084 2 2706 2707 2708 2710
1085 1 2713 2712 2711 2714
1086 2 2711 2712 2713 2715
1087 1 2718 2717 2716 2719
1088 2 2716 2717 2718 2720
1089 1 2723 2722 2721 2724
1090 2 2721 2722 2723 2725
1091 1 2728 2727 2726 2729
1092 2 2726 2727 2728 2730
1093 1 2733 2732 2731 2734
1094 2 2731 2732 2733 2735
1095 1 2738 2737 2736 2739
1096 2 2736 2737 2738 2740
1097 1 2743 2742 2741 2744
1098 2 2741 2742 2743 2745
1099 1 2748 2747 2746 2749
1100 2 2746 2747 2748 2750
1101 1 2753 2752 2751 2754
1102 2 2751 2752 2753 2755
1103 1 2758 2757 2756 2759
1104 2 2756 2757 2758 2760
1105 1 2763 2762 2761 2764
1106 2 2761 2762 2763 2765
1107 1 2768 2767 2766 2769
1108 2 2766 2767 2768 2770
1109 1 2773 2772 2771 2774
1110 2 2771 2772 2773 2775
1111 1 2778 2777 2776 2779
1112 2 2776 2777 2778 2780
1113 1 2783 2782 2781 2784
1114 2 2781 2782 2783 2785
1115 1 2788 2787 2786 2789
1116 2 2786 2787 2788 2790
1117 1 2793 2792 2791 2794
1118 2 2791 2792 2793 2795
1119 1 2798 2797 2796 2799
1120 2 2796 2797 2798 2800
1121 1 2803 2802 2801 2804
1122 2 2801 2802 2803 2805
1123 1 2808 2807 2806 2809
1124 2 2806 2807 2808 2810
1125 1 2813 2812 2811 2814
1126 2 2811 2812 2813 2815
1127 1 2818 2817 2816 2819
1128 2 2816 2817 2818 2820
1129 1 2823 2822 2821 2824
1130 2 2821 2822 2823 2825
1131 1 2828 2827 2826 2829
1132 2 2826 2827 2828 2830
1133 1 2833 2832 2831 2834
1134 2 2831 2832 2833 2835
1135 1 2838 2837 2836 2839
1136 2 2836 2837 2838 2840
1137 1 2843 2842 2841 2844
1138 2 2841 2842 2843 2845
1139 1 2848 2847 2846 2849
1140 2 2846 2847 2848 2850
1141 1 2853 2852 2851 2854
1142 2 2851 2852 2853 2855
1143 1 2858 2857 2856 2859
1144 2 2856 2857 2858 2860
1145 1 2863 2862 2861 2864
1146 2 2861 2862 2863 2865
1147 1 2868 2867 2866 2869
1148 2 2866 2867 2868 2870
1149 1 2873 2872 2871 2874
1150 2 2871 2872 2873 2875
1151 1 2878 2877 2876 2879
1152 2 2876 2877 2878 2880
1153 1 2883 2882 2881 2884
1154 2 2881 2882 2883 2885
1155 1 2888 2887 2886 2889
1156 2 2886 2887 2888 2890
1157 1 2893 2892 2891 2894
1158 2 2891 2892 2893 2895
1159 1 2898 2897 2896 2899
1160 2 2896 2897 2898 2900
1161 1 2903 2902 2901 2904
1162 2 2901 2902 2903 2905
1163 1 2908 2907 2906 2909
1164 2 2906 2907 2908 2910
1165 1 2913 2912 2911 2914
1166 2 2911 2912 2913 2915
1167 1 2918 2917 2916 2919
1168 2 2916 2917 2918 2920
1169 1 2923 2922 2921 2924
1170 2 2921 2922 2923 2925
1171 1 2928 2927 2926 2929
1172 2 2926 2927 2928 2930
1173 1 2933 2932 2931 2934
1174 2 2931 2932 2933 2935
1175 1 2938 2937 2936 2939
1176 2 2936 2937 2938 2940
1177 1 2943 2942 2941 2944
1178 2 2941 2942 2943 2945
1179 1 2948 2947 2946 2949
1180 2 2946 2947 2948 2950
1181 1 2953 2952 2951 2954
1182 2 2951 2952 2953 2955
1183 1 2958 2957 2956 2959
1184 2 2956 2957 2958 2960
1185 1 2963 2962 2961 2964
1186 2 2961 2962 2963 2965
1187 1 2968 2967 2966 2969
1188 2 2966 2967 2968 2970
1189 1 2973 2972 2971 2974
1190 2 2971 2972 2973 2975
1191 1 2978 2977 2976 2979
1192 2 2976 2977 2978 2980
1193 1 2983 2982 2981 2984
1194 2 2981 2982 2983 2985
1195 1 2988 2987 2986 2989
1196 2 2986 2987 2988 2990
1197 1 2993 2992 2991 2994
1198 2 2991 2992 2993 2995
1199 1 2998 2997 2996 2999
1200 2 2996 2997 2998 3000
1201 1 3003 3002 3001 3004
1202 2 3001 3002 3003 3005
1203 1 3008 3007 3006 3009
1204 2 3006 3007 3008 3010
1205 1 3013 3012 3011 3014
1206 2 3011 3012 3013 3015
1207 1 3018 3017 3016 3019
1208 2 3016 3017 3018 3020
1209 1 3023 3022 3021 3024
1210 2 3021 3022 3023 3025
1211 1 3028 3027 3026 3029
1212 2 3026 3027 3028 3030
1213 1 3033 3032 3031 3034
1214 2 3031 3032 3033 3035
1215 1 3038 3037 3036 3039
1216 2 3036 3037 3038 3040
1217 1 3043 3042 3041 3044
1218 2 3041 3042 3043 3045
1219 1 3048 3047 3046 3049
1220 2 3046 3047 3048 3050
1221 1 3053 3052 3051 3054
1222 2 3051 3052 3053 3055
1223 1 3058 3057 3056 3059
1224 2 3056 3057 3058 3060
1225 1 3063 3062 3061 3064
1226 2 3061 3062 3063 3065
1227 1 3068 3067 3066 3069
1228 2 3066 3067 3068 3070
1229 1 3073 3072 3071 3074
1230 2 3071 3072 3073 3075
1231 1 3078 3077 3076 3079
1232 2 3076 3077 3078 3080
1233 1 3083 3082 3081 3084
1234 2 3081 3082 3083 3085
1235 1 3088 3087 3086 3089
1236 2 3086 3087 3088 3090
1237 1 3093 3092 3091 3094
1238 2 3091 3092 3093 3095
1239 1 3098 3097 3096 3099
1240 2 3096 3097 3098 3100
1241 1 3103 3102 3101 3104
1242 2 3101 3102 3103 3105
1243 1 3108 3107 3106 3109
1244 2 3106 3107 3108 3110
1245 1 3113 3112 3111 3114
1246 2 3111 3112 3113 3115
1247 1 3118 3117 3116 3119
1248 2 3116 3117 3118 3120
1249 1 3123 3122 3121 3124
1250 2 3121 3122 3123 3125
1251 1 3128 3127 3126 3129
1252 2 3126 3127 3128 3130
1253 1 3133 3132 3131 3134
1254 2 3131 3132 3133 3135
1255 1 3138 3137 3136 3139
1256 2 3136 3137 3138 3140
1257 1 3143 3142 3141 3144
1258 2 3141 3142 3143 3145
1259 1 3148 3147 3146 3149
1260 2 3146 3147 3148 3150
1261 1 3153 3152 3151 3154
1262 2 3151 3152 3153 3155
1263 1 3158 3157 3156 3159
1264 2 3156 3157 3158 3160
1265 1 3163 3162 3161 3164
1266 2 3161 3162 3163 3165
1267 1 3168 3167 3166 3169
1268 2 3166 3167 3168 3170
1269 1 3173 3172 3171 3174
1270 2 3171 3172 3173 3175
1271 1 3178 3177 3176 3179
1272 2 3176 3177 3178 3180
1273 1 3183 3182 3181 3184
1274 2 3181 3182 3183 3185
1275 1 3188 3187 3186 3189
1276 2 3186 3187 3188 3190
1277 1 3193 3192 3191 3194
1278 2 3191 3192 3193 3195
1279 1 3198 3197 3196 3199
1280 2 3196 3197 3198 3200
1281 1 3203 3202 3201 3204
1282 2 3201 3202 3203 3205
1283 1 3208 3207 3206 3209
1284 2 3206 3207 3208 3210
1285 1 3213 3212 3211 3214
1286 2 3211 3212 3213 3215
1287 1 3218 3217 3216 3219
1288 2 3216 3217 3218 3220
1289 1 3223 3222 3221 3224
1290 2 3221 3222 3223 3225
1291 1 3228 3227 3226 3229
1292 2 3226 3227 3228 3230
1293 1 3233 3232 3231 3234
1294 2 3231 3232 3233 3235
1295 1 3238 3237 3236 3239
1296 2 3236 3237 3238 3240
1297 1 3243 3242 3241 3244
1298 2 3241 3242 3243 3245
1299 1 3248 3247 3246 3249
1300 2 3246 3247 3248 3250
1301 1 3253 3252 3251 3254
1302 2 3251 3252 3253 3255
1303 1 3258 3257 3256 3259
1304 2 3256 3257 3258 3260
1305 1 3263 3262 3261 3264
1306 2 3261 3262 3263 3265
1307 1 3268 3267 3266 3269
1308 2 3266 3267 3268 3270
1309 1 3273 3272 3271 3274
1310 2 3271 3272 3273 3275
1311 1 3278 3277 3276 3279
1312 2 3276 3277 3278 3280
1313 1 3283 3282 3281 3284
1314 2 3281 3282 3283 3285
1315 1 3288 3287 3286 3289
1316 2 3286 3287 3288 3290
1317 1 3293 3292 3291 3294
1318 2 3291 3292 3293 3295
1319 1 3298 3297 3296 3299
1320 2 3296 3297 3298 3300
1321 1 3303 3302 3301 3304
1322 2 3301 3302 3303 3305
1323 1 3308 3307 3306 3309
1324 2 3306 3307 3308 3310
1325 1 3313 3312 3311 3314
1326 2 3311 3312 3313 3315
1327 1 3318 3317 3316 3319
1328 2 3316 3317 3318 3320
1329 1 3323 3322 3321 3324
1330 2 3321 3322 3323 3325
1331 1 3328 3327 3326 3329
1332 2 3326 3327 3328 3330
1333 1 3333 3332 3331 3334
1334 2 3331 3332 3333 3335
1335 1 3338 3337 3336 3339
1336 2 3336 3337 3338 3340
1337 1 3343 3342 3341 3344
1338 2 3341 3342 3343 3345
1339 1 3348 3347 3346 3349
1340 2 3346 3347 3348 3350
1341 1 3353 3352 3351 3354
1342 2 3351 3352 3353 3355
1343 1 3358 3357 3356 3359
1344 2 3356 3357 3358 3360
1345 1 3363 3362 3361 3364
1346 2 3361 3362 3363 3365
1347 1 3368 3367 3366 3369
1348 2 3366 3367 3368 3370
1349 1 3373 3372 3371 3374
1350 2 3371 3372 3373 3375
1351 1 3378 3377 3376 3379
1352 2 3376 3377 3378 3380
1353 1 3383 3382 3381 3384
1354 2 3381 3382 3383 3385
1355 1 3388 3387 3386 3389
1356 2 3386 3387 3388 3390
1357 1 3393 3392 3391 3394
1358 2 3391 3392 3393 3395
1359 1 3398 3397 3396 3399
1360 2 3396 3397 3398 3400
1361 1 3403 3402 3401 3404
1362 2 3401 3402 3403 3405
1363 1 3408 3407 3406 3409
1364 2 3406 3407 3408 3410
1365 1 3413 3412 3411 3414
1366 2 3411 3412 3413 3415
1367 1 3418 3417 3416 3419
1368 2 3416 3417 3418 3420
1369 1 3423 3422 3421 3424
1370 2 3421 3422 3423 3425
1371 1 3428 3427 3426 3429
1372 2 3426 3427 3428 3430
1373 1 3433 3432 3431 3434
1374 2 3431 3432 3433 3435
1375 1 3438 3437 3436 3439
1376 2 3436 3437 3438 3440
1377 1 3443 3442 3441 3444
1378 2 3441 3442 3443 3445
1379 1 3448 3447 3446 3449
1380 2 3446 3447 3448 3450
1381 1 3453 3452 3451 3454
1382 2 3451 3452 3453 3455
1383 1 3458 3457 3456 3459
1384 2 3456 3457 3458 3460
1385 1 3463 3462 3461 3464
1386 2 3461 3462 3463 3465
1387 1 3468 3467 3466 3469
1388 2 3466 3467 3468 3470
1389 1 3473 3472 3471 3474
1390 2 3471 3472 3473 3475
1391 1 3478 3477 3476 3479
1392 2 3476 3477 3478 3480
1393 1 3483 3482 3481 3484
1394 2 3481 3482 3483 3485
1395 1 3488 3487 3486 3489
1396 2 3486 3487 3488 3490
1397 1 3493 3492 3491 3494
1398 2 3491 3492 3493 3495
1399 1 3498 3497 3496 3499
1400 2 3496 3497 3498 3500
1401 1 3503 3502 3501 3504
1402 2 3501 3502 3503 3505
1403 1 3508 3507 3506 3509
1404 2 3506 3507 3508 3510
1405 1 3513 3512 3511 3514
1406 2 3511 3512 3513 3515
1407 1 3518 3517 3516 3519
1408 2 3516 3517 3518 3520
1409 1 3523 3522 3521 3524
1410 2 3521 3522 3523 3525
1411 1 3528 3527 3526 3529
1412 2 3526 3527 3528 3530
1413 1 3533 3532 3531 3534
1414 2 3531 3532 3533 3535
1415 1 3538 3537 3536 3539
1416 2 3536 3537 3538 3540
1417 1 3543 3542 3541 3544
1418 2 3541 3542 3543 3545
1419 1 3548 3547 3546 3549
1420 2 3546 3547 3548 3550
1421 1 3553 3552 3551 3554
1422 2 3551 3552 3553 3555
1423 1 3558 3557 3556 3559
1424 2 3556 3557 3558 3560
1425 1 3563 3562 3561 3564
1426 2 3561 3562 3563 3565
1427 1 3568 3567 3566 3569
1428 2 3566 3567 3568 3570
1429 1 3573 3572 3571 3574
1430 2 3571 3572 3573 3575
1431 1 3578 3577 3576 3579
1432 2 3576 3577 3578 3580
1433 1 3583 3582 3581 3584
1434 2 3581 3582 3583 3585
1435 1 3588 3587 3586 3589
1436 2 3586 3587 3588 3590
1437 1 3593 3592 3591 3594
1438 2 3591 3592 3593 3595
1439 1 3598 3597 3596 3599
1440 2 3596 3597 3598 3600
1441 1 3603 3602 3601 3604
1442 2 3601 3602 3603 3605
1443 1 3608 3607 3606 3609
1444 2 3606 3607 3608 3610
1445 1 3613 3612 3611 3614
1446 2 3611 3612 3613 3615
1447 1 3618 3617 3616 3619
1448 2 3616 3617 3618 3620
1449 1 3623 3622 3621 3624
1450 2 3621 3622 3623 3625
1451 1 3628 3627 3626 3629
1452 2 3626 3627 3628 3630
1453 1 3633 3632 3631 3634
1454 2 3631 3632 3633 3635
1455 1 3638 3637 3636 3639
1456 2 3636 3637 3638 3640
1457 1 3643 3642 3641 3644
1458 2 3641 3642 3643 3645
1459 1 3648 3647 3646 3649
1460 2 3646 3647 3648 3650
1461 1 3653 3652 3651 3654
1462 2 3651 3652 3653 3655
1463 1 3658 3657 3656 3659
1464 2 3656 3657 3658 3660
1465 1 3663 3662 3661 3664
1466 2 3661 3662 3663 3665
1467 1 3668 3667 3666 3669
1468 2 3666 3667 3668 3670
1469 1 3673 3672 3671 3674
1470 2 3671 3672 3673 3675
1471 1 3678 3677 3676 3679
1472 2 3676 3677 3678 3680
1473 1 3683 3682 3681 3684
1474 2 3681 3682 3683 3685
1475 1 3688 3687 3686 3689
1476 2 3686 3687 3688 3690
1477 1 3693 3692 3691 3694
1478 2 3691 3692 3693 3695
1479 1 3698 3697 3696 3699
1480 2 3696 3697 3698 3700
1481 1 3703 3702 3701 3704
1482 2 3701 3702 3703 3705
1483 1 3708 3707 3706 3709
1484 2 3706 3707 3708 3710
1485 1 3713 3712 3711 3714
1486 2 3711 3712 3713 3715
1487 1 3718 3717 3716 3719
1488 2 3716 3717 3718 3720
1489 1 3723 3722 3721 3724
1490 2 3721 3722 3723 3725
1491 1 3728 3727 3726 3729
1492 2 3726 3727 3728 3730
1493 1 3733 3732 3731 3734
1494 2 3731 3732 3733 3735
1495 1 3738 3737 3736 3739
1496 2 3736 3737 3738 3740
1497 1 3743 3742 3741 3744
1498 2 3741 3742 3743 3745
1499 1 3748 3747 3746 3749
1500 2 3746 3747 3748 3750
1501 1 3753 3752 3751 3754
1502 2 3751 3752 3753 3755
1503 1 3758 3757 3756 3759
1504 2 3756 3757 3758 3760
1505 1 3763 3762 3761 3764
1506 2 3761 3762 3763 3765
1507 1 3768 3767 3766 3769
1508 2 3766 3767 3768 3770
1509 1 3773 3772 3771 3774
1510 2 3771 3772 3773 3775
1511 1 3778 3777 3776 3779
1512 2 3776 3777 3778 3780
1513 1 3783 3782 3781 3784
1514 2 3781 3782 3783 3785
1515 1 3788 3787 3786 3789
1516 2 3786 3787 3788 3790
1517 1 3793 3792 3791 3794
1518 2 3791 3792 3793 3795
1519 1 3798 3797 3796 3799
1520 2 3796 3797 3798 3800
1521 1 3803 3802 3801 3804
1522 2 3801 3802 3803 3805
1523 1 3808 3807 3806 3809
1524 2 3806 3807 3808 3810
1525 1 3813 3812 3811 3814
1526 2 3811 3812 3813 3815
1527 1 3818 3817 3816 3819
1528 2 3816 3817 3818 3820
1529 1 3823 3822 3821 3824
1530 2 3821 3822 3823 3825
1531 1 3828 3827 3826 3829
1532 2 3826 3827 3828 3830
1533 1 3833 3832 3831 3834
1534 2 3831 3832 3833 3835
1535 1 3838 3837 3836 3839
1536 2 3836 3837 3838 3840
1537 1 3843 3842 3841 3844
1538 2 3841 3842 3843 3845
1539 1 3848 3847 3846 3849
1540 2 3846 3847 3848 3850
1541 1 3853 3852 3851 3854
1542 2 3851 3852 3853 3855
1543 1 3858 3857 3856 3859
1544 2 3856 3857 3858 3860
1545 1 3863 3862 3861 3864
1546 2 3861 3862 3863 3865
1547 1 3868 3867 3866 3869
1548 2 3866 3867 3868 3870
1549 1 3873 3872 3871 3874
1550 2 3871 3872 3873 3875
1551 1 3878 3877 3876 3879
1552 2 3876 3877 3878 3880
1553 1 3883 3882 3881 3884
1554 2 3881 3882 3883 3885
1555 1 3888 3887 3886 3889
1556 2 3886 3887 3888 3890
1557 1 3893 3892 3891 3894
1558 2 3891 3892 3893 3895
1559 1 3898 3897 3896 3899
1560 2 3896 3897 3898 3900
1561 1 3903 3902 3901 3904
1562 2 3901 3902 3903 3905
1563 1 3908 3907 3906 3909
1564 2 3906 3907 3908 3910
1565 1 3913 3912 3911 3914
1566 2 3911 3912 3913 3915
1567 1 3918 3917 3916 3919
1568 2 3916 3917 3918 3920
1569 1 3923 3922 3921 3924
1570 2 3921 3922 3923 3925
1571 1 3928 3927 3926 3929
1572 2 3926 3927 3928 3930
1573 1 3933 3932 3931 3934
1574 2 3931 3932 3933 3935
1575 1 3938 3937 3936 3939
1576 2 3936 3937 3938 3940
1577 1 3943 3942 3941 3944
1578 2 3941 3942 3943 3945
1579 1 3948 3947 3946 3949
1580 2 3946 3947 3948 3950
1581 1 3953 3952 3951 3954
1582 2 3951 3952 3953 3955
1583 1 3958 3957 3956 3959
1584 2 3956 3957 3958 3960
1585 1 3963 3962 3961 3964
1586 2 3961 3962 3963 3965
1587 1 3968 3967 3966 3969
1588 2 3966 3967 3968 3970
1589 1 3973 3972 3971 3974
1590 2 3971 3972 3973 3975
1591 1 3978 3977 3976 3979
1592 2 3976 3977 3978 3980
1593 1 3983 3982 3981 3984
1594 2 3981 3982 3983 3985
1595 1 3988 3987 3986 3989
1596 2 3986 3987 3988 3990
1597 1 3993 3992 3991 3994
1598 2 3991 3992 3993 3995
1599 1 3998 3997 3996 3999
1600 2 3996 3997 3998 4000
1601 1 4003 4002 4001 4004
1602 2 4001 4002 4003 4005
1603 1 4008 4007 4006 4009
1604 2 4006 4007 4008 4010
1605 1 4013 4012 4011 4014
1606 2 4011 4012 4013 4015
1607 1 4018 4017 4016 4019
1608 2 4016 4017 4018 4020
1609 1 4023 4022 4021 4024
1610 2 4021 4022 4023 4025
1611 1 4028 4027 4026 4029
1612 2 4026 4027 4028 4030
1613 1 4033 4032 4031 4034
1614 2 4031 4032 4033 4035
1615 1 4038 4037 4036 4039
1616 2 4036 4037 4038 4040
1617 1 4043 4042 4041 4044
1618 2 4041 4042 4043 4045
1619 1 4048 4047 4046 4049
1620 2 4046 4047 4048 4050
1621 1 4053 4052 4051 4054
1622 2 4051 4052 4053 4055
1623 1 4058 4057 4056 4059
1624 2 4056 4057 4058 4060
1625 1 4063 4062 4061 4064
1626 2 4061 4062 4063 4065
1627 1 4068 4067 4066 4069
1628 2 4066 4067 4068 4070
1629 1 4073 4072 4071 4074
1630 2 4071 4072 4073 4075
1631 1 4078 4077 4076 4079
1632 2 4076 4077 4078 4080
1633 1 4083 4082 4081 4084
1634 2 4081 4082 4083 4085
1635 1 4088 4087 4086 4089
1636 2 4086 4087 4088 4090
1637 1 4093 4092 4091 4094
1638 2 4091 4092 4093 4095
1639 1 4098 4097 4096 4099
1640 2 4096 4097 4098 4100
1641 1 4103 4102 4101 4104
1642 2 4101 4102 4103 4105
1643 1 4108 4107 4106 4109
1644 2 4106 4107 4108 4110
1645 1 4113 4112 4111 4114
1646 2 4111 4112 4113 4115
1647 1 4118 4117 4116 4119
1648 2 4116 4117 4118 4120
1649 1 4123 4122 4121 4124
1650 2 4121 4122 4123 4125
1651 1 4128 4127 4126 4129
1652 2 4126 4127 4128 4130
1653 1 4133 4132 4131 4134
1654 2 4131 4132 4133 4135
1655 1 4138 4137 4136 4139
1656 2 4136 4137 4138 4140
1657 1 4143 4142 4141 4144
1658 2 4141 4142 4143 4145
1659 1 4148 4147 4146 4149
1660 2 4146 4147 4148 4150
1661 1 4153 4152 4151 4154
1662 2 4151 4152 4153 4155
1663 1 4158 4157 4156 4159
1664 2 4156 4157 4158 4160
1665 1 4163 4162 4161 4164
1666 2 4161 4162 4163 4165
1667 1 4168 4167 4166 4169
1668 2 4166 4167 4168 4170
1669 1 4173 4172 4171 4174
1670 2 4171 4172 4173 4175
1671 1 4178 4177 4176 4179
1672 2 4176 4177 4178 4180
1673 1 4183 4182 4181 4184
1674 2 4181 4182 4183 4185
1675 1 4188 4187 4186 4189
1676 2 4186 4187 4188 4190
1677 1 4193 4192 4191 4194
1678 2 4191 4192 4193 4195
1679 1 4198 4197 4196 4199
1680 2 4196 4197 4198 4200
1681 1 4203 4202 4201 4204
1682 2 4201 4202 4203 4205
1683 1 4208 4207 4206 4209
1684 2 4206 4207 4208 4210
1685 1 4213 4212 4211 4214
1686 2 4211 4212 4213 4215
1687 1 4218 4217 4216 4219
1688 2 4216 4217 4218 4220
1689 1 4223 4222 4221 4224
1690 2 4221 4222 4223 4225
1691 1 4228 4227 4226 4229
1692 2 4226 4227 4228 4230
1693 1 4233 4232 4231 4234
1694 2 4231 4232 4233 4235
1695 1 4238 4237 4236 4239
1696 2 4236 4237 4238 4240
1697 1 4243 4242 4241 4244
1698 2 4241 4242 4243 4245
1699 1 4248 4247 4246 4249
1700 2 4246 4247 4248 4250
1701 1 4253 4252 4251 4254
1702 2 4251 4252 4253 4255
1703 1 4258 4257 4256 4259
1704 2 4256 4257 4258 4260
1705 1 4263 4262 4261 4264
1706 2 4261 4262 4263 4265
1707 1 4268 4267 4266 4269
1708 2 4266 4267 4268 4270
1709 1 4273 4272 4271 4274
1710 2 4271 4272 4273 4275
1711 1 4278 4277 4276 4279
1712 2 4276 4277 4278 4280
1713 1 4283 4282 4281 4284
1714 2 4281 4282 4283 4285
1715 1 4288 4287 4286 4289
1716 2 4286 4287 4288 4290
1717 1 4293 4292 4291 4294
1718 2 4291 4292 4293 4295
1719 1 4298 4297 4296 4299
1720 2 4296 4297 4298 4300
1721 1 4303 4302 4301 4304
1722 2 4301 4302 4303 4305
1723 1 4308 4307 4306 4309
1724 2 4306 4307 4308 4310
1725 1 4313 4312 4311 4314
1726 2 4311 4312 4313 4315
1727 1 4318 4317 4316 4319
1728 2 4316 4317 4318 4320
1729 1 4323 4322 4321 4324
1730 2 4321 4322 4323 4325
1731 1 4328 4327 4326 4329
1732 2 4326 4327 4328 4330
1733 1 4333 4332 4331 4334
1734 2 4331 4332 4333 4335
1735 1 4338 4337 4336 4339
1736 2 4336 4337 4338 4340
1737 1 4343 4342 4341 4344
1738 2 4341 4342 4343 4345
1739 1 4348 4347 4346 4349
1740 2 4346 4347 4348 4350
1741 1 4353 4352 4351 4354
1742 2 4351 4352 4353 4355
1743 1 4358 4357 4356 4359
1744 2 4356 4357 4358 4360
1745 1 4363 4362 4361 4364
1746 2 4361 4362 4363 4365
1747 1 4368 4367 4366 4369
1748 2 4366 4367 4368 4370
1749 1 4373 4372 4371 4374
1750 2 4371 4372 4373 4375
1751 1 4378 4377 4376 4379
1752 2 4376 4377 4378 4380
1753 1 4383 4382 4381 4384
1754 2 4381 4382 4383 4385
1755 1 4388 4387 4386 4389
1756 2 4386 4387 4388 4390
1757 1 4393 4392 4391 4394
1758 2 4391 4392 4393 4395
1759 1 4398 4397 4396 4399
1760 2 4396 4397 4398 4400
1761 1 4403 4402 4401 4404
1762 2 4401 4402 4403 4405
1763 1 4408 4407 4406 4409
1764 2 4406 4407 4408 4410
1765 1 4413 4412 4411 4414
1766 2 4411 4412 4413 4415
1767 1 4418 4417 4416 4419
1768 2 4416 4417 4418 4420
1769 1 4423 4422 4421 4424
1770 2 4421 4422 4423 4425
1771 1 4428 4427 4426 4429
1772 2 4426 4427 4428 4430
1773 1 4433 4432 4431 4434
1774 2 4431 4432 4433 4435
1775 1 4438 4437 4436 4439
1776 2 4436 4437 4438 4440
1777 1 4443 4442 4441 4444
1778 2 4441 4442 4443 4445
1779 1 4448 4447 4446 4449
1780 2 4446 4447 4448 4450
1781 1 4453 4452 4451 4454
1782 2 4451 4452 4453 4455
1783 1 4458 4457 4456 4459
1784 2 4456 4457 4458 4460
1785 1 4463 4462 4461 4464
1786 2 4461 4462 4463 4465
1787 1 4468 4467 4466 4469
1788 2 4466 4467 4468 4470
1789 1 4473 4472 4471 4474
1790 2 4471 4472 4473 4475
1791 1 4478 4477 4476 4479
1792 2 4476 4477 4478 4480
1793 1 4483 4482 4481 4484
1794 2 4481 4482 4483 4485
1795 1 4488 4487 4486 4489
1796 2 4486 4487 4488 4490
1797 1 4493 4492 4491 4494
1798 2 4491 4492 4493 4495
1799 1 4498 4497 4496 4499
1800 2 4496 4497 4498 4500
1801 1 4503 4502 4501 4504
1802 2 4501 4502 4503 4505
1803 1 4508 4507 4506 4509
1804 2 4506 4507 4508 4510
1805 1 4513 4512 4511 4514
1806 2 4511 4512 4513 4515
1807 1 4518 4517 4516 4519
1808 2 4516 4517 4518 4520
1809 1 4523 4522 4521 4524
1810 2 4521 4522 4523 4525
1811 1 4528 4527 4526 4529
1812 2 4526 4527 4528 4530
1813 1 4533 4532 4531 4534
1814 2 4531 4532 4533 4535
1815 1 4538 4537 4536 4539
1816 2 4536 4537 4538 4540
1817 1 4543 4542 4541 4544
1818 2 4541 4542 4543 4545
1819 1 4548 4547 4546 4549
1820 2 4546 4547 4548 4550
1821 1 4553 4552 4551 4554
1822 2 4551 4552 4553 4555
1823 1 4558 4557 4556 4559
1824 2 4556 4557 4558 4560
1825 1 4563 4562 4561 4564
1826 2 4561 4562 4563 4565
1827 1 4568 4567 4566 4569
1828 2 4566 4567 4568 4570
1829 1 4573 4572 4571 4574
1830 2 4571 4572 4573 4575
1831 1 4578 4577 4576 4579
1832 2 4576 4577 4578 4580
1833 1 4583 4582 4581 4584
1834 2 4581 4582 4583 4585
1835 1 4588 4587 4586 4589
1836 2 4586 4587 4588 4590
1837 1 4593 4592 4591 4594
1838 2 4591 4592 4593 4595
1839 1 4598 4597 4596 4599
1840 2 4596 4597 4598 4600
1841 1 4603 4602 4601 4604
1842 2 4601 4602 4603 4605
1843 1 4608 4607 4606 4609
1844 2 4606 4607 4608 4610
1845 1 4613 4612 4611 4614
1846 2 4611 4612 4613 4615
1847 1 4618 4617 4616 4619
1848 2 4616 4617 4618 4620
1849 1 4623 4622 4621 4624
1850 2 4621 4622 4623 4625
1851 1 4628 4627 4626 4629
1852 2 4626 4627 4628 4630
1853 1 4633 4632 4631 4634
1854 2 4631 4632 4633 4635
1855 1 4638 4637 4636 4639
1856 2 4636 4637 4638 4640
1857 1 4643 4642 4641 4644
1858 2 4641 4642 4643 4645
1859 1 4648 4647 4646 4649
1860 2 4646 4647 4648 4650
1861 1 4653 4652 4651 4654
1862 2 4651 4652 4653 4655
1863 1 4658 4657 4656 4659
1864 2 4656 4657 4658 4660
1865 1 4663 4662 4661 4664
1866 2 4661 4662 4663 4665
1867 1 4668 4667 4666 4669
1868 2 4666 4667 4668 4670
1869 1 4673 4672 4671 4674
1870 2 4671 4672 4673 4675
1871 1 4678 4677 4676 4679
1872 2 4676 4677 4678 4680
1873 1 4683 4682 4681 4684
1874 2 4681 4682 4683 4685
1875 1 4688 4687 4686 4689
1876 2 4686 4687 4688 4690
1877 1 4693 4692 4691 4694
1878 2 4691 4692 4693 4695
1879 1 4698 4697 4696 4699
1880 2 4696 4697 4698 4700
1881 1 4703 4702 4701 4704
1882 2 4701 4702 4703 4705
1883 1 4708 4707 4706 4709
1884 2 4706 4707 4708 4710
1885 1 4713 4712 4711 4714
1886 2 4711 4712 4713 4715
1887 1 4718 4717 4716 4719
1888 2 4716 4717 4718 4720
1889 1 4723 4722 4721 4724
1890 2 4721 4722 4723 4725
1891 1 4728 4727 4726 4729
1892 2 4726 4727 4728 4730
1893 1 4733 4732 4731 4734
1894 2 4731 4732 4733 4735
1895 1 4738 4737 4736 4739
1896 2 4736 4737 4738 4740
1897 1 4743 4742 4741 4744
1898 2 4741 4742 4743 4745
1899 1 4748 4747 4746 4749
1900 2 4746 4747 4748 4750
1901 1 4753 4752 4751 4754
1902 2 4751 4752 4753 4755
1903 1 4758 4757 4756 4759
1904 2 4756 4757 4758 4760
1905 1 4763 4762 4761 4764
1906 2 4761 4762 4763 4765
1907 1 4768 4767 4766 4769
1908 2 4766 4767 4768 4770
1909 1 4773 4772 4771 4774
1910 2 4771 4772 4773 4775
1911 1 4778 4777 4776 4779
1912 2 4776 4777 4778 4780
1913 1 4783 4782 4781 4784
1914 2 4781 4782 4783 4785
1915 1 4788 4787 4786 4789
1916 2 4786 4787 4788 4790
1917 1 4793 4792 4791 4794
1918 2 4791 4792 4793 4795
1919 1 4798 4797 4796 4799
1920 2 4796 4797 4798 4800
1921 1 4803 4802 4801 4804
1922 2 4801 4802 4803 4805
1923 1 4808 4807 4806 4809
1924 2 4806 4807 4808 4810
1925 1 4813 4812 4811 4814
1926 2 4811 4812 4813 4815
1927 1 4818 4817 4816 4819
1928 2 4816 4817 4818 4820
1929 1 4823 4822 4821 4824
1930 2 4821 4822 4823 4825
1931 1 4828 4827 4826 4829
1932 2 4826 4827 4828 4830
1933 1 4833 4832 4831 4834
1934 2 4831 4832 4833 4835
1935 1 4838 4837 4836 4839
1936 2 4836 4837 4838 4840
1937 1 4843 4842 4841 4844
1938 2 4841 4842 4843 4845
1939 1 4848 4847 4846 4849
1940 2 4846 4847 4848 4850
1941 1 4853 4852 4851 4854
1942 2 4851 4852 4853 4855
1943 1 4858 4857 4856 4859
1944 2 4856 4857 4858 4860
1945 1 4863 4862 4861 4864
1946 2 4861 4862 4863 4865
1947 1 4868 4867 4866 4869
1948 2 4866 4867 4868 4870
1949 1 4873 4872 4871 4874
1950 2 4871 4872 4873 4875
1951 1 4878 4877 4876 4879
1952 2 4876 4877 4878 4880
1953 1 4883 4882 4881 4884
1954 2 4881 4882 4883 4885
1955 1 4888 4887 4886 4889
1956 2 4886 4887 4888 4890
1957 1 4893 4892 4891 4894
1958 2 4891 4892 4893 4895
1959 1 4898 4897 4896 4899
1960 2 4896 4897 4898 4900
1961 1 4903 4902 4901 4904
1962 2 4901 4902 4903 4905
1963 1 4908 4907 4906 4909
1964 2 4906 4907 4908 4910
1965 1 4913 4912 4911 4914
1966 2 4911 4912 4913 4915
1967 1 4918 4917 4916 4919
1968 2 4916 4917 4918 4920
1969 1 4923 4922 4921 4924
1970 2 4921 4922 4923 4925
1971 1 4928 4927 4926 4929
1972 2 4926 4927 4928 4930
1973 1 4933 4932 4931 4934
1974 2 4931 4932 4933 4935
1975 1 4938 4937 4936 4939
1976 2 4936 4937 4938 4940
1977 1 4943 4942 4941 4944
1978 2 4941 4942 4943 4945
1979 1 4948 4947 4946 4949
1980 2 4946 4947 4948 4950
1981 1 4953 4952 4951 4954
1982 2 4951 4952 4953 4955
1983 1 4958 4957 4956 4959
1984 2 4956 4957 4958 4960
1985 1 4963 4962 4961 4964
1986 2 4961 4962 4963 4965
1987 1 4968 4967 4966 4969
1988 2 4966 4967 4968 4970
1989 1 4973 4972 4971 4974
1990 2 4971 4972 4973 4975
1991 1 4978 4977 4976 4979
1992 2 4976 4977 4978 4980
1993 1 4983 4982 4981 4984
1994 2 4981 4982 4983 4985
1995 1 4988 4987 4986 4989
1996 2 4986 4987 4988 4990
1997 1 4993 4992 4991 4994
1998 2 4991 4992 4993 4995
1999 1 4998 4997 4996 4999
2000 2 4996 4997 4998 5000
