1 1 1 4
2 2 1 2
3 3 2 3
4 4 3 5
5 1 6 9
6 2 6 7
7 3 7 8
8 4 8 10
9 1 11 14
10 2 11 12
11 3 12 13
12 4 13 15
13 1 16 19
14 2 16 17
15 3 17 18
16 4 18 20
17 1 21 24
18 2 21 22
19 3 22 23
20 4 23 25
21 1 26 29
22 2 26 27
23 3 27 28
24 4 28 30
25 1 31 34
26 2 31 32
27 3 32 33
28 4 33 35
29 1 36 39
30 2 36 37
31 3 37 38
32 4 38 40
33 1 41 44
34 2 41 42
35 3 42 43
36 4 43 45
37 1 46 49
38 2 46 47
39 3 47 48
40 4 48 50
41 1 51 54
42 2 51 52
43 3 52 53
44 4 53 55
45 1 56 59
46 2 56 57
47 3 57 58
48 4 58 60
49 1 61 64
50 2 61 62
51 3 62 63
52 4 63 65
53 1 66 69
54 2 66 67
55 3 67 68
56 4 68 70
57 1 71 74
58 2 71 72
59 3 72 73
60 4 73 75
61 1 76 79
62 2 76 77
63 3 77 78
64 4 78 80
65 1 81 84
66 2 81 82
67 3 82 83
68 4 83 85
69 1 86 89
70 2 86 87
71 3 87 88
72 4 88 90
73 1 91 94
74 2 91 92
75 3 92 93
76 4 93 95
77 1 96 99
78 2 96 97
79 3 97 98
80 4 98 100
81 1 101 104
82 2 101 102
83 3 102 103
84 4 103 105
85 1 106 109
86 2 106 107
87 3 107 108
88 4 108 110
89 1 111 114
90 2 111 112
91 3 112 113
92 4 113 115
93 1 116 119
94 2 116 117
95 3 117 118
96 4 118 120
97 1 121 124
98 2 121 122
99 3 122 123
100 4 123 125
101 1 126 129
102 2 126 127
103 3 127 128
104 4 128 130
105 1 131 134
106 2 131 132
107 3 132 133
108 4 133 135
109 1 136 139
110 2 136 137
111 3 137 138
112 4 138 140
113 1 141 144
114 2 141 142
115 3 142 143
116 4 143 145
117 1 146 149
118 2 146 147
119 3 147 148
120 4 148 150
121 1 151 154
122 2 151 152
123 3 152 153
124 4 153 155
125 1 156 159
126 2 156 157
127 3 157 158
128 4 158 160
129 1 161 164
130 2 161 162
131 3 162 163
132 4 163 165
133 1 166 169
134 2 166 167
135 3 167 168
136 4 168 170
137 1 171 174
138 2 171 172
139 3 172 173
140 4 173 175
141 1 176 179
142 2 176 177
143 3 177 178
144 4 178 180
145 1 181 184
146 2 181 182
147 3 182 183
148 4 183 185
149 1 186 189
150 2 186 187
151 3 187 188
152 4 188 190
153 1 191 194
154 2 191 192
155 3 192 193
156 4 193 195
157 1 196 199
158 2 196 197
159 3 197 198
160 4 198 200
161 1 201 204
162 2 201 202
163 3 202 203
164 4 203 205
165 1 206 209
166 2 206 207
167 3 207 208
168 4 208 210
169 1 211 214
170 2 211 212
171 3 212 213
172 4 213 215
173 1 216 219
174 2 216 217
175 3 217 218
176 4 218 220
177 1 221 224
178 2 221 222
179 3 222 223
180 4 223 225
181 1 226 229
182 2 226 227
183 3 227 228
184 4 228 230
185 1 231 234
186 2 231 232
187 3 232 233
188 4 233 235
189 1 236 239
190 2 236 237
191 3 237 238
192 4 238 240
193 1 241 244
194 2 241 242
195 3 242 243
196 4 243 245
197 1 246 249
198 2 246 247
199 3 247 248
200 4 248 250
201 1 251 254
202 2 251 252
203 3 252 253
204 4 253 255
205 1 256 259
206 2 256 257
207 3 257 258
208 4 258 260
209 1 261 264
210 2 261 262
211 3 262 263
212 4 263 265
213 1 266 269
214 2 266 267
215 3 267 268
216 4 268 270
217 1 271 274
218 2 271 272
219 3 272 273
220 4 273 275
221 1 276 279
222 2 276 277
223 3 277 278
224 4 278 280
225 1 281 284
226 2 281 282
227 3 282 283
228 4 283 285
229 1 286 289
230 2 286 287
231 3 287 288
232 4 288 290
233 1 291 294
234 2 291 292
235 3 292 293
236 4 293 295
237 1 296 299
238 2 296 297
239 3 297 298
240 4 298 300
241 1 301 304
242 2 301 302
243 3 302 303
244 4 303 305
245 1 306 309
246 2 306 307
247 3 307 308
248 4 308 310
249 1 311 314
250 2 311 312
251 3 312 313
252 4 313 315
253 1 316 319
254 2 316 317
255 3 317 318
256 4 318 320
257 1 321 324
258 2 321 322
259 3 322 323
260 4 323 325
261 1 326 329
262 2 326 327
263 3 327 328
264 4 328 330
265 1 331 334
266 2 331 332
267 3 332 333
268 4 333 335
269 1 336 339
270 2 336 337
271 3 337 338
272 4 338 340
273 1 341 344
274 2 341 342
275 3 342 343
276 4 343 345
277 1 346 349
278 2 346 347
279 3 347 348
280 4 348 350
281 1 351 354
282 2 351 352
283 3 352 353
284 4 353 355
285 1 356 359
286 2 356 357
287 3 357 358
288 4 358 360
289 1 361 364
290 2 361 362
291 3 362 363
292 4 363 365
293 1 366 369
294 2 366 367
295 3 367 368
296 4 368 370
297 1 371 374
298 2 371 372
299 3 372 373
300 4 373 375
301 1 376 379
302 2 376 377
303 3 377 378
304 4 378 380
305 1 381 384
306 2 381 382
307 3 382 383
308 4 383 385
309 1 386 389
310 2 386 387
311 3 387 388
312 4 388 390
313 1 391 394
314 2 391 392
315 3 392 393
316 4 393 395
317 1 396 399
318 2 396 397
319 3 397 398
320 4 398 400
321 1 401 404
322 2 401 402
323 3 402 403
324 4 403 405
325 1 406 409
326 2 406 407
327 3 407 408
328 4 408 410
329 1 411 414
330 2 411 412
331 3 412 413
332 4 413 415
333 1 416 419
334 2 416 417
335 3 417 418
336 4 418 420
337 1 421 424
338 2 421 422
339 3 422 423
340 4 423 425
341 1 426 429
342 2 426 427
343 3 427 428
344 4 428 430
345 1 431 434
346 2 431 432
347 3 432 433
348 4 433 435
349 1 436 439
350 2 436 437
351 3 437 438
352 4 438 440
353 1 441 444
354 2 441 442
355 3 442 443
356 4 443 445
357 1 446 449
358 2 446 447
359 3 447 448
360 4 448 450
361 1 451 454
362 2 451 452
363 3 452 453
364 4 453 455
365 1 456 459
366 2 456 457
367 3 457 458
368 4 458 460
369 1 461 464
370 2 461 462
371 3 462 463
372 4 463 465
373 1 466 469
374 2 466 467
375 3 467 468
376 4 468 470
377 1 471 474
378 2 471 472
379 3 472 473
380 4 473 475
381 1 476 479
382 2 476 477
383 3 477 478
384 4 478 480
385 1 481 484
386 2 481 482
387 3 482 483
388 4 483 485
389 1 486 489
390 2 486 487
391 3 487 488
392 4 488 490
393 1 491 494
394 2 491 492
395 3 492 493
396 4 493 495
397 1 496 499
398 2 496 497
399 3 497 498
400 4 498 500
401 1 501 504
402 2 501 502
403 3 502 503
404 4 503 505
405 1 506 509
406 2 506 507
407 3 507 508
408 4 508 510
409 1 511 514
410 2 511 512
411 3 512 513
412 4 513 515
413 1 516 519
414 2 516 517
415 3 517 518
416 4 518 520
417 1 521 524
418 2 521 522
419 3 522 523
420 4 523 525
421 1 526 529
422 2 526 527
423 3 527 528
424 4 528 530
425 1 531 534
426 2 531 532
427 3 532 533
428 4 533 535
429 1 536 539
430 2 536 537
431 3 537 538
432 4 538 540
433 1 541 544
434 2 541 542
435 3 542 543
436 4 543 545
437 1 546 549
438 2 546 547
439 3 547 548
440 4 548 550
441 1 551 554
442 2 551 552
443 3 552 553
444 4 553 555
445 1 556 559
446 2 556 557
447 3 557 558
448 4 558 560
449 1 561 564
450 2 561 562
451 3 562 563
452 4 563 565
453 1 566 569
454 2 566 567
455 3 567 568
456 4 568 570
457 1 571 574
458 2 571 572
459 3 572 573
460 4 573 575
461 1 576 579
462 2 576 577
463 3 577 578
464 4 578 580
465 1 581 584
466 2 581 582
467 3 582 583
468 4 583 585
469 1 586 589
470 2 586 587
471 3 587 588
472 4 588 590
473 1 591 594
474 2 591 592
475 3 592 593
476 4 593 595
477 1 596 599
478 2 596 597
479 3 597 598
480 4 598 600
481 1 601 604
482 2 601 602
483 3 602 603
484 4 603 605
485 1 606 609
486 2 606 607
487 3 607 608
488 4 608 610
489 1 611 614
490 2 611 612
491 3 612 613
492 4 613 615
493 1 616 619
494 2 616 617
495 3 617 618
496 4 618 620
497 1 621 624
498 2 621 622
499 3 622 623
500 4 623 625
501 1 626 629
502 2 626 627
503 3 627 628
504 4 628 630
505 1 631 634
506 2 631 632
507 3 632 633
508 4 633 635
509 1 636 639
510 2 636 637
511 3 637 638
512 4 638 640
513 1 641 644
514 2 641 642
515 3 642 643
516 4 643 645
517 1 646 649
518 2 646 647
519 3 647 648
520 4 648 650
521 1 651 654
522 2 651 652
523 3 652 653
524 4 653 655
525 1 656 659
526 2 656 657
527 3 657 658
528 4 658 660
529 1 661 664
530 2 661 662
531 3 662 663
532 4 663 665
533 1 666 669
534 2 666 667
535 3 667 668
536 4 668 670
537 1 671 674
538 2 671 672
539 3 672 673
540 4 673 675
541 1 676 679
542 2 676 677
543 3 677 678
544 4 678 680
545 1 681 684
546 2 681 682
547 3 682 683
548 4 683 685
549 1 686 689
550 2 686 687
551 3 687 688
552 4 688 690
553 1 691 694
554 2 691 692
555 3 692 693
556 4 693 695
557 1 696 699
558 2 696 697
559 3 697 698
560 4 698 700
561 1 701 704
562 2 701 702
563 3 702 703
564 4 703 705
565 1 706 709
566 2 706 707
567 3 707 708
568 4 708 710
569 1 711 714
570 2 711 712
571 3 712 713
572 4 713 715
573 1 716 719
574 2 716 717
575 3 717 718
576 4 718 720
577 1 721 724
578 2 721 722
579 3 722 723
580 4 723 725
581 1 726 729
582 2 726 727
583 3 727 728
584 4 728 730
585 1 731 734
586 2 731 732
587 3 732 733
588 4 733 735
589 1 736 739
590 2 736 737
591 3 737 738
592 4 738 740
593 1 741 744
594 2 741 742
595 3 742 743
596 4 743 745
597 1 746 749
598 2 746 747
599 3 747 748
600 4 748 750
601 1 751 754
602 2 751 752
603 3 752 753
604 4 753 755
605 1 756 759
606 2 756 757
607 3 757 758
608 4 758 760
609 1 761 764
610 2 761 762
611 3 762 763
612 4 763 765
613 1 766 769
614 2 766 767
615 3 767 768
616 4 768 770
617 1 771 774
618 2 771 772
619 3 772 773
620 4 773 775
621 1 776 779
622 2 776 777
623 3 777 778
624 4 778 780
625 1 781 784
626 2 781 782
627 3 782 783
628 4 783 785
629 1 786 789
630 2 786 787
631 3 787 788
632 4 788 790
633 1 791 794
634 2 791 792
635 3 792 793
636 4 793 795
637 1 796 799
638 2 796 797
639 3 797 798
640 4 798 800
641 1 801 804
642 2 801 802
643 3 802 803
644 4 803 805
645 1 806 809
646 2 806 807
647 3 807 808
648 4 808 810
649 1 811 814
650 2 811 812
651 3 812 813
652 4 813 815
653 1 816 819
654 2 816 817
655 3 817 818
656 4 818 820
657 1 821 824
658 2 821 822
659 3 822 823
660 4 823 825
661 1 826 829
662 2 826 827
663 3 827 828
664 4 828 830
665 1 831 834
666 2 831 832
667 3 832 833
668 4 833 835
669 1 836 839
670 2 836 837
671 3 837 838
672 4 838 840
673 1 841 844
674 2 841 842
675 3 842 843
676 4 843 845
677 1 846 849
678 2 846 847
679 3 847 848
680 4 848 850
681 1 851 854
682 2 851 852
683 3 852 853
684 4 853 855
685 1 856 859
686 2 856 857
687 3 857 858
688 4 858 860
689 1 861 864
690 2 861 862
691 3 862 863
692 4 863 865
693 1 866 869
694 2 866 867
695 3 867 868
696 4 868 870
697 1 871 874
698 2 871 872
699 3 872 873
700 4 873 875
701 1 876 879
702 2 876 877
703 3 877 878
704 4 878 880
705 1 881 884
706 2 881 882
707 3 882 883
708 4 883 885
709 1 886 889
710 2 886 887
711 3 887 888
712 4 888 890
713 1 891 894
714 2 891 892
715 3 892 893
716 4 893 895
717 1 896 899
718 2 896 897
719 3 897 898
720 4 898 900
721 1 901 904
722 2 901 902
723 3 902 903
724 4 903 905
725 1 906 909
726 2 906 907
727 3 907 908
728 4 908 910
729 1 911 914
730 2 911 912
731 3 912 913
732 4 913 915
733 1 916 919
734 2 916 917
735 3 917 918
736 4 918 920
737 1 921 924
738 2 921 922
739 3 922 923
740 4 923 925
741 1 926 929
742 2 926 927
743 3 927 928
744 4 928 930
745 1 931 934
746 2 931 932
747 3 932 933
748 4 933 935
749 1 936 939
750 2 936 937
751 3 937 938
752 4 938 940
753 1 941 944
754 2 941 942
755 3 942 943
756 4 943 945
757 1 946 949
758 2 946 947
759 3 947 948
760 4 948 950
761 1 951 954
762 2 951 952
763 3 952 953
764 4 953 955
765 1 956 959
766 2 956 957
767 3 957 958
768 4 958 960
769 1 961 964
770 2 961 962
771 3 962 963
772 4 963 965
773 1 966 969
774 2 966 967
775 3 967 968
776 4 968 970
777 1 971 974
778 2 971 972
779 3 972 973
780 4 973 975
781 1 976 979
782 2 976 977
783 3 977 978
784 4 978 980
785 1 981 984
786 2 981 982
787 3 982 983
788 4 983 985
789 1 986 989
790 2 986 987
791 3 987 988
792 4 988 990
793 1 991 994
794 2 991 992
795 3 992 993
796 4 993 995
797 1 996 999
798 2 996 997
799 3 997 998
800 4 998 1000
801 1 1001 1004
802 2 1001 1002
803 3 1002 1003
804 4 1003 1005
805 1 1006 1009
806 2 1006 1007
807 3 1007 1008
808 4 1008 1010
809 1 1011 1014
810 2 1011 1012
811 3 1012 1013
812 4 1013 1015
813 1 1016 1019
814 2 1016 1017
815 3 1017 1018
816 4 1018 1020
817 1 1021 1024
818 2 1021 1022
819 3 1022 1023
820 4 1023 1025
821 1 1026 1029
822 2 1026 1027
823 3 1027 1028
824 4 1028 1030
825 1 1031 1034
826 2 1031 1032
827 3 1032 1033
828 4 1033 1035
829 1 1036 1039
830 2 1036 1037
831 3 1037 1038
832 4 1038 1040
833 1 1041 1044
834 2 1041 1042
835 3 1042 1043
836 4 1043 1045
837 1 1046 1049
838 2 1046 1047
839 3 1047 1048
840 4 1048 1050
841 1 1051 1054
842 2 1051 1052
843 3 1052 1053
844 4 1053 1055
845 1 1056 1059
846 2 1056 1057
847 3 1057 1058
848 4 1058 1060
849 1 1061 1064
850 2 1061 1062
851 3 1062 1063
852 4 1063 1065
853 1 1066 1069
854 2 1066 1067
855 3 1067 1068
856 4 1068 1070
857 1 1071 1074
858 2 1071 1072
859 3 1072 1073
860 4 1073 1075
861 1 1076 1079
862 2 1076 1077
863 3 1077 1078
864 4 1078 1080
865 1 1081 1084
866 2 1081 1082
867 3 1082 1083
868 4 1083 1085
869 1 1086 1089
870 2 1086 1087
871 3 1087 1088
872 4 1088 1090
873 1 1091 1094
874 2 1091 1092
875 3 1092 1093
876 4 1093 1095
877 1 1096 1099
878 2 1096 1097
879 3 1097 1098
880 4 1098 1100
881 1 1101 1104
882 2 1101 1102
883 3 1102 1103
884 4 1103 1105
885 1 1106 1109
886 2 1106 1107
887 3 1107 1108
888 4 1108 1110
889 1 1111 1114
890 2 1111 1112
891 3 1112 1113
892 4 1113 1115
893 1 1116 1119
894 2 1116 1117
895 3 1117 1118
896 4 1118 1120
897 1 1121 1124
898 2 1121 1122
899 3 1122 1123
900 4 1123 1125
901 1 1126 1129
902 2 1126 1127
903 3 1127 1128
904 4 1128 1130
905 1 1131 1134
906 2 1131 1132
907 3 1132 1133
908 4 1133 1135
909 1 1136 1139
910 2 1136 1137
911 3 1137 1138
912 4 1138 1140
913 1 1141 1144
914 2 1141 1142
915 3 1142 1143
916 4 1143 1145
917 1 1146 1149
918 2 1146 1147
919 3 1147 1148
920 4 1148 1150
921 1 1151 1154
922 2 1151 1152
923 3 1152 1153
924 4 1153 1155
925 1 1156 1159
926 2 1156 1157
927 3 1157 1158
928 4 1158 1160
929 1 1161 1164
930 2 1161 1162
931 3 1162 1163
932 4 1163 1165
933 1 1166 1169
934 2 1166 1167
935 3 1167 1168
936 4 1168 1170
937 1 1171 1174
938 2 1171 1172
939 3 1172 1173
940 4 1173 1175
941 1 1176 1179
942 2 1176 1177
943 3 1177 1178
944 4 1178 1180
945 1 1181 1184
946 2 1181 1182
947 3 1182 1183
948 4 1183 1185
949 1 1186 1189
950 2 1186 1187
951 3 1187 1188
952 4 1188 1190
953 1 1191 1194
954 2 1191 1192
955 3 1192 1193
956 4 1193 1195
957 1 1196 1199
958 2 1196 1197
959 3 1197 1198
960 4 1198 1200
961 1 1201 1204
962 2 1201 1202
963 3 1202 1203
964 4 1203 1205
965 1 1206 1209
966 2 1206 1207
967 3 1207 1208
968 4 1208 1210
969 1 1211 1214
970 2 1211 1212
971 3 1212 1213
972 4 1213 1215
973 1 1216 1219
974 2 1216 1217
975 3 1217 1218
976 4 1218 1220
977 1 1221 1224
978 2 1221 1222
979 3 1222 1223
980 4 1223 1225
981 1 1226 1229
982 2 1226 1227
983 3 1227 1228
984 4 1228 1230
985 1 1231 1234
986 2 1231 1232
987 3 1232 1233
988 4 1233 1235
989 1 1236 1239
990 2 1236 1237
991 3 1237 1238
992 4 1238 1240
993 1 1241 1244
994 2 1241 1242
995 3 1242 1243
996 4 1243 1245
997 1 1246 1249
998 2 1246 1247
999 3 1247 1248
1000 4 1248 1250
1001 1 1251 1254
1002 2 1251 1252
1003 3 1252 1253
1004 4 1253 1255
1005 1 1256 1259
1006 2 1256 1257
1007 3 1257 1258
1008 4 1258 1260
1009 1 1261 1264
1010 2 1261 1262
1011 3 1262 1263
1012 4 1263 1265
1013 1 1266 1269
1014 2 1266 1267
1015 3 1267 1268
1016 4 1268 1270
1017 1 1271 1274
1018 2 1271 1272
1019 3 1272 1273
1020 4 1273 1275
1021 1 1276 1279
1022 2 1276 1277
1023 3 1277 1278
1024 4 1278 1280
1025 1 1281 1284
1026 2 1281 1282
1027 3 1282 1283
1028 4 1283 1285
1029 1 1286 1289
1030 2 1286 1287
1031 3 1287 1288
1032 4 1288 1290
1033 1 1291 1294
1034 2 1291 1292
1035 3 1292 1293
1036 4 1293 1295
1037 1 1296 1299
1038 2 1296 1297
1039 3 1297 1298
1040 4 1298 1300
1041 1 1301 1304
1042 2 1301 1302
1043 3 1302 1303
1044 4 1303 1305
1045 1 1306 1309
1046 2 1306 1307
1047 3 1307 1308
1048 4 1308 1310
1049 1 1311 1314
1050 2 1311 1312
1051 3 1312 1313
1052 4 1313 1315
1053 1 1316 1319
1054 2 1316 1317
1055 3 1317 1318
1056 4 1318 1320
1057 1 1321 1324
1058 2 1321 1322
1059 3 1322 1323
1060 4 1323 1325
1061 1 1326 1329
1062 2 1326 1327
1063 3 1327 1328
1064 4 1328 1330
1065 1 1331 1334
1066 2 1331 1332
1067 3 1332 1333
1068 4 1333 1335
1069 1 1336 1339
1070 2 1336 1337
1071 3 1337 1338
1072 4 1338 1340
1073 1 1341 1344
1074 2 1341 1342
1075 3 1342 1343
1076 4 1343 1345
1077 1 1346 1349
1078 2 1346 1347
1079 3 1347 1348
1080 4 1348 1350
1081 1 1351 1354
1082 2 1351 1352
1083 3 1352 1353
1084 4 1353 1355
1085 1 1356 1359
1086 2 1356 1357
1087 3 1357 1358
1088 4 1358 1360
1089 1 1361 1364
1090 2 1361 1362
1091 3 1362 1363
1092 4 1363 1365
1093 1 1366 1369
1094 2 1366 1367
1095 3 1367 1368
1096 4 1368 1370
1097 1 1371 1374
1098 2 1371 1372
1099 3 1372 1373
1100 4 1373 1375
1101 1 1376 1379
1102 2 1376 1377
1103 3 1377 1378
1104 4 1378 1380
1105 1 1381 1384
1106 2 1381 1382
1107 3 1382 1383
1108 4 1383 1385
1109 1 1386 1389
1110 2 1386 1387
1111 3 1387 1388
1112 4 1388 1390
1113 1 1391 1394
1114 2 1391 1392
1115 3 1392 1393
1116 4 1393 1395
1117 1 1396 1399
1118 2 1396 1397
1119 3 1397 1398
1120 4 1398 1400
1121 1 1401 1404
1122 2 1401 1402
1123 3 1402 1403
1124 4 1403 1405
1125 1 1406 1409
1126 2 1406 1407
1127 3 1407 1408
1128 4 1408 1410
1129 1 1411 1414
1130 2 1411 1412
1131 3 1412 1413
1132 4 1413 1415
1133 1 1416 1419
1134 2 1416 1417
1135 3 1417 1418
1136 4 1418 1420
1137 1 1421 1424
1138 2 1421 1422
1139 3 1422 1423
1140 4 1423 1425
1141 1 1426 1429
1142 2 1426 1427
1143 3 1427 1428
1144 4 1428 1430
1145 1 1431 1434
1146 2 1431 1432
1147 3 1432 1433
1148 4 1433 1435
1149 1 1436 1439
1150 2 1436 1437
1151 3 1437 1438
1152 4 1438 1440
1153 1 1441 1444
1154 2 1441 1442
1155 3 1442 1443
1156 4 1443 1445
1157 1 1446 1449
1158 2 1446 1447
1159 3 1447 1448
1160 4 1448 1450
1161 1 1451 1454
1162 2 1451 1452
1163 3 1452 1453
1164 4 1453 1455
1165 1 1456 1459
1166 2 1456 1457
1167 3 1457 1458
1168 4 1458 1460
1169 1 1461 1464
1170 2 1461 1462
1171 3 1462 1463
1172 4 1463 1465
1173 1 1466 1469
1174 2 1466 1467
1175 3 1467 1468
1176 4 1468 1470
1177 1 1471 1474
1178 2 1471 1472
1179 3 1472 1473
1180 4 1473 1475
1181 1 1476 1479
1182 2 1476 1477
1183 3 1477 1478
1184 4 1478 1480
1185 1 1481 1484
1186 2 1481 1482
1187 3 1482 1483
1188 4 1483 1485
1189 1 1486 1489
1190 2 1486 1487
1191 3 1487 1488
1192 4 1488 1490
1193 1 1491 1494
1194 2 1491 1492
1195 3 1492 1493
1196 4 1493 1495
1197 1 1496 1499
1198 2 1496 1497
1199 3 1497 1498
1200 4 1498 1500
1201 1 1501 1504
1202 2 1501 1502
1203 3 1502 1503
1204 4 1503 1505
1205 1 1506 1509
1206 2 1506 1507
1207 3 1507 1508
1208 4 1508 1510
1209 1 1511 1514
1210 2 1511 1512
1211 3 1512 1513
1212 4 1513 1515
1213 1 1516 1519
1214 2 1516 1517
1215 3 1517 1518
1216 4 1518 1520
1217 1 1521 1524
1218 2 1521 1522
1219 3 1522 1523
1220 4 1523 1525
1221 1 1526 1529
1222 2 1526 1527
1223 3 1527 1528
1224 4 1528 1530
1225 1 1531 1534
1226 2 1531 1532
1227 3 1532 1533
1228 4 1533 1535
1229 1 1536 1539
1230 2 1536 1537
1231 3 1537 1538
1232 4 1538 1540
1233 1 1541 1544
1234 2 1541 1542
1235 3 1542 1543
1236 4 1543 1545
1237 1 1546 1549
1238 2 1546 1547
1239 3 1547 1548
1240 4 1548 1550
1241 1 1551 1554
1242 2 1551 1552
1243 3 1552 1553
1244 4 1553 1555
1245 1 1556 1559
1246 2 1556 1557
1247 3 1557 1558
1248 4 1558 1560
1249 1 1561 1564
1250 2 1561 1562
1251 3 1562 1563
1252 4 1563 1565
1253 1 1566 1569
1254 2 1566 1567
1255 3 1567 1568
1256 4 1568 1570
1257 1 1571 1574
1258 2 1571 1572
1259 3 1572 1573
1260 4 1573 1575
1261 1 1576 1579
1262 2 1576 1577
1263 3 1577 1578
1264 4 1578 1580
1265 1 1581 1584
1266 2 1581 1582
1267 3 1582 1583
1268 4 1583 1585
1269 1 1586 1589
1270 2 1586 1587
1271 3 1587 1588
1272 4 1588 1590
1273 1 1591 1594
1274 2 1591 1592
1275 3 1592 1593
1276 4 1593 1595
1277 1 1596 1599
1278 2 1596 1597
1279 3 1597 1598
1280 4 1598 1600
1281 1 1601 1604
1282 2 1601 1602
1283 3 1602 1603
1284 4 1603 1605
1285 1 1606 1609
1286 2 1606 1607
1287 3 1607 1608
1288 4 1608 1610
1289 1 1611 1614
1290 2 1611 1612
1291 3 1612 1613
1292 4 1613 1615
1293 1 1616 1619
1294 2 1616 1617
1295 3 1617 1618
1296 4 1618 1620
1297 1 1621 1624
1298 2 1621 1622
1299 3 1622 1623
1300 4 1623 1625
1301 1 1626 1629
1302 2 1626 1627
1303 3 1627 1628
1304 4 1628 1630
1305 1 1631 1634
1306 2 1631 1632
1307 3 1632 1633
1308 4 1633 1635
1309 1 1636 1639
1310 2 1636 1637
1311 3 1637 1638
1312 4 1638 1640
1313 1 1641 1644
1314 2 1641 1642
1315 3 1642 1643
1316 4 1643 1645
1317 1 1646 1649
1318 2 1646 1647
1319 3 1647 1648
1320 4 1648 1650
1321 1 1651 1654
1322 2 1651 1652
1323 3 1652 1653
1324 4 1653 1655
1325 1 1656 1659
1326 2 1656 1657
1327 3 1657 1658
1328 4 1658 1660
1329 1 1661 1664
1330 2 1661 1662
1331 3 1662 1663
1332 4 1663 1665
1333 1 1666 1669
1334 2 1666 1667
1335 3 1667 1668
1336 4 1668 1670
1337 1 1671 1674
1338 2 1671 1672
1339 3 1672 1673
1340 4 1673 1675
1341 1 1676 1679
1342 2 1676 1677
1343 3 1677 1678
1344 4 1678 1680
1345 1 1681 1684
1346 2 1681 1682
1347 3 1682 1683
1348 4 1683 1685
1349 1 1686 1689
1350 2 1686 1687
1351 3 1687 1688
1352 4 1688 1690
1353 1 1691 1694
1354 2 1691 1692
1355 3 1692 1693
1356 4 1693 1695
1357 1 1696 1699
1358 2 1696 1697
1359 3 1697 1698
1360 4 1698 1700
1361 1 1701 1704
1362 2 1701 1702
1363 3 1702 1703
1364 4 1703 1705
1365 1 1706 1709
1366 2 1706 1707
1367 3 1707 1708
1368 4 1708 1710
1369 1 1711 1714
1370 2 1711 1712
1371 3 1712 1713
1372 4 1713 1715
1373 1 1716 1719
1374 2 1716 1717
1375 3 1717 1718
1376 4 1718 1720
1377 1 1721 1724
1378 2 1721 1722
1379 3 1722 1723
1380 4 1723 1725
1381 1 1726 1729
1382 2 1726 1727
1383 3 1727 1728
1384 4 1728 1730
1385 1 1731 1734
1386 2 1731 1732
1387 3 1732 1733
1388 4 1733 1735
1389 1 1736 1739
1390 2 1736 1737
1391 3 1737 1738
1392 4 1738 1740
1393 1 1741 1744
1394 2 1741 1742
1395 3 1742 1743
1396 4 1743 1745
1397 1 1746 1749
1398 2 1746 1747
1399 3 1747 1748
1400 4 1748 1750
1401 1 1751 1754
1402 2 1751 1752
1403 3 1752 1753
1404 4 1753 1755
1405 1 1756 1759
1406 2 1756 1757
1407 3 1757 1758
1408 4 1758 1760
1409 1 1761 1764
1410 2 1761 1762
1411 3 1762 1763
1412 4 1763 1765
1413 1 1766 1769
1414 2 1766 1767
1415 3 1767 1768
1416 4 1768 1770
1417 1 1771 1774
1418 2 1771 1772
1419 3 1772 1773
1420 4 1773 1775
1421 1 1776 1779
1422 2 1776 1777
1423 3 1777 1778
1424 4 1778 1780
1425 1 1781 1784
1426 2 1781 1782
1427 3 1782 1783
1428 4 1783 1785
1429 1 1786 1789
1430 2 1786 1787
1431 3 1787 1788
1432 4 1788 1790
1433 1 1791 1794
1434 2 1791 1792
1435 3 1792 1793
1436 4 1793 1795
1437 1 1796 1799
1438 2 1796 1797
1439 3 1797 1798
1440 4 1798 1800
1441 1 1801 1804
1442 2 1801 1802
1443 3 1802 1803
1444 4 1803 1805
1445 1 1806 1809
1446 2 1806 1807
1447 3 1807 1808
1448 4 1808 1810
1449 1 1811 1814
1450 2 1811 1812
1451 3 1812 1813
1452 4 1813 1815
1453 1 1816 1819
1454 2 1816 1817
1455 3 1817 1818
1456 4 1818 1820
1457 1 1821 1824
1458 2 1821 1822
1459 3 1822 1823
1460 4 1823 1825
1461 1 1826 1829
1462 2 1826 1827
1463 3 1827 1828
1464 4 1828 1830
1465 1 1831 1834
1466 2 1831 1832
1467 3 1832 1833
1468 4 1833 1835
1469 1 1836 1839
1470 2 1836 1837
1471 3 1837 1838
1472 4 1838 1840
1473 1 1841 1844
1474 2 1841 1842
1475 3 1842 1843
1476 4 1843 1845
1477 1 1846 1849
1478 2 1846 1847
1479 3 1847 1848
1480 4 1848 1850
1481 1 1851 1854
1482 2 1851 1852
1483 3 1852 1853
1484 4 1853 1855
1485 1 1856 1859
1486 2 1856 1857
1487 3 1857 1858
1488 4 1858 1860
1489 1 1861 1864
1490 2 1861 1862
1491 3 1862 1863
1492 4 1863 1865
1493 1 1866 1869
1494 2 1866 1867
1495 3 1867 1868
1496 4 1868 1870
1497 1 1871 1874
1498 2 1871 1872
1499 3 1872 1873
1500 4 1873 1875
1501 1 1876 1879
1502 2 1876 1877
1503 3 1877 1878
1504 4 1878 1880
1505 1 1881 1884
1506 2 1881 1882
1507 3 1882 1883
1508 4 1883 1885
1509 1 1886 1889
1510 2 1886 1887
1511 3 1887 1888
1512 4 1888 1890
1513 1 1891 1894
1514 2 1891 1892
1515 3 1892 1893
1516 4 1893 1895
1517 1 1896 1899
1518 2 1896 1897
1519 3 1897 1898
1520 4 1898 1900
1521 1 1901 1904
1522 2 1901 1902
1523 3 1902 1903
1524 4 1903 1905
1525 1 1906 1909
1526 2 1906 1907
1527 3 1907 1908
1528 4 1908 1910
1529 1 1911 1914
1530 2 1911 1912
1531 3 1912 1913
1532 4 1913 1915
1533 1 1916 1919
1534 2 1916 1917
1535 3 1917 1918
1536 4 1918 1920
1537 1 1921 1924
1538 2 1921 1922
1539 3 1922 1923
1540 4 1923 1925
1541 1 1926 1929
1542 2 1926 1927
1543 3 1927 1928
1544 4 1928 1930
1545 1 1931 1934
1546 2 1931 1932
1547 3 1932 1933
1548 4 1933 1935
1549 1 1936 1939
1550 2 1936 1937
1551 3 1937 1938
1552 4 1938 1940
1553 1 1941 1944
1554 2 1941 1942
1555 3 1942 1943
1556 4 1943 1945
1557 1 1946 1949
1558 2 1946 1947
1559 3 1947 1948
1560 4 1948 1950
1561 1 1951 1954
1562 2 1951 1952
1563 3 1952 1953
1564 4 1953 1955
1565 1 1956 1959
1566 2 1956 1957
1567 3 1957 1958
1568 4 1958 1960
1569 1 1961 1964
1570 2 1961 1962
1571 3 1962 1963
1572 4 1963 1965
1573 1 1966 1969
1574 2 1966 1967
1575 3 1967 1968
1576 4 1968 1970
1577 1 1971 1974
1578 2 1971 1972
1579 3 1972 1973
1580 4 1973 1975
1581 1 1976 1979
1582 2 1976 1977
1583 3 1977 1978
1584 4 1978 1980
1585 1 1981 1984
1586 2 1981 1982
1587 3 1982 1983
1588 4 1983 1985
1589 1 1986 1989
1590 2 1986 1987
1591 3 1987 1988
1592 4 1988 1990
1593 1 1991 1994
1594 2 1991 1992
1595 3 1992 1993
1596 4 1993 1995
1597 1 1996 1999
1598 2 1996 1997
1599 3 1997 1998
1600 4 1998 2000
1601 1 2001 2004
1602 2 2001 2002
1603 3 2002 2003
1604 4 2003 2005
1605 1 2006 2009
1606 2 2006 2007
1607 3 2007 2008
1608 4 2008 2010
1609 1 2011 2014
1610 2 2011 2012
1611 3 2012 2013
1612 4 2013 2015
1613 1 2016 2019
1614 2 2016 2017
1615 3 2017 2018
1616 4 2018 2020
1617 1 2021 2024
1618 2 2021 2022
1619 3 2022 2023
1620 4 2023 2025
1621 1 2026 2029
1622 2 2026 2027
1623 3 2027 2028
1624 4 2028 2030
1625 1 2031 2034
1626 2 2031 2032
1627 3 2032 2033
1628 4 2033 2035
1629 1 2036 2039
1630 2 2036 2037
1631 3 2037 2038
1632 4 2038 2040
1633 1 2041 2044
1634 2 2041 2042
1635 3 2042 2043
1636 4 2043 2045
1637 1 2046 2049
1638 2 2046 2047
1639 3 2047 2048
1640 4 2048 2050
1641 1 2051 2054
1642 2 2051 2052
1643 3 2052 2053
1644 4 2053 2055
1645 1 2056 2059
1646 2 2056 2057
1647 3 2057 2058
1648 4 2058 2060
1649 1 2061 2064
1650 2 2061 2062
1651 3 2062 2063
1652 4 2063 2065
1653 1 2066 2069
1654 2 2066 2067
1655 3 2067 2068
1656 4 2068 2070
1657 1 2071 2074
1658 2 2071 2072
1659 3 2072 2073
1660 4 2073 2075
1661 1 2076 2079
1662 2 2076 2077
1663 3 2077 2078
1664 4 2078 2080
1665 1 2081 2084
1666 2 2081 2082
1667 3 2082 2083
1668 4 2083 2085
1669 1 2086 2089
1670 2 2086 2087
1671 3 2087 2088
1672 4 2088 2090
1673 1 2091 2094
1674 2 2091 2092
1675 3 2092 2093
1676 4 2093 2095
1677 1 2096 2099
1678 2 2096 2097
1679 3 2097 2098
1680 4 2098 2100
1681 1 2101 2104
1682 2 2101 2102
1683 3 2102 2103
1684 4 2103 2105
1685 1 2106 2109
1686 2 2106 2107
1687 3 2107 2108
1688 4 2108 2110
1689 1 2111 2114
1690 2 2111 2112
1691 3 2112 2113
1692 4 2113 2115
1693 1 2116 2119
1694 2 2116 2117
1695 3 2117 2118
1696 4 2118 2120
1697 1 2121 2124
1698 2 2121 2122
1699 3 2122 2123
1700 4 2123 2125
1701 1 2126 2129
1702 2 2126 2127
1703 3 2127 2128
1704 4 2128 2130
1705 1 2131 2134
1706 2 2131 2132
1707 3 2132 2133
1708 4 2133 2135
1709 1 2136 2139
1710 2 2136 2137
1711 3 2137 2138
1712 4 2138 2140
1713 1 2141 2144
1714 2 2141 2142
1715 3 2142 2143
1716 4 2143 2145
1717 1 2146 2149
1718 2 2146 2147
1719 3 2147 2148
1720 4 2148 2150
1721 1 2151 2154
1722 2 2151 2152
1723 3 2152 2153
1724 4 2153 2155
1725 1 2156 2159
1726 2 2156 2157
1727 3 2157 2158
1728 4 2158 2160
1729 1 2161 2164
1730 2 2161 2162
1731 3 2162 2163
1732 4 2163 2165
1733 1 2166 2169
1734 2 2166 2167
1735 3 2167 2168
1736 4 2168 2170
1737 1 2171 2174
1738 2 2171 2172
1739 3 2172 2173
1740 4 2173 2175
1741 1 2176 2179
1742 2 2176 2177
1743 3 2177 2178
1744 4 2178 2180
1745 1 2181 2184
1746 2 2181 2182
1747 3 2182 2183
1748 4 2183 2185
1749 1 2186 2189
1750 2 2186 2187
1751 3 2187 2188
1752 4 2188 2190
1753 1 2191 2194
1754 2 2191 2192
1755 3 2192 2193
1756 4 2193 2195
1757 1 2196 2199
1758 2 2196 2197
1759 3 2197 2198
1760 4 2198 2200
1761 1 2201 2204
1762 2 2201 2202
1763 3 2202 2203
1764 4 2203 2205
1765 1 2206 2209
1766 2 2206 2207
1767 3 2207 2208
1768 4 2208 2210
1769 1 2211 2214
1770 2 2211 2212
1771 3 2212 2213
1772 4 2213 2215
1773 1 2216 2219
1774 2 2216 2217
1775 3 2217 2218
1776 4 2218 2220
1777 1 2221 2224
1778 2 2221 2222
1779 3 2222 2223
1780 4 2223 2225
1781 1 2226 2229
1782 2 2226 2227
1783 3 2227 2228
1784 4 2228 2230
1785 1 2231 2234
1786 2 2231 2232
1787 3 2232 2233
1788 4 2233 2235
1789 1 2236 2239
1790 2 2236 2237
1791 3 2237 2238
1792 4 2238 2240
1793 1 2241 2244
1794 2 2241 2242
1795 3 2242 2243
1796 4 2243 2245
1797 1 2246 2249
1798 2 2246 2247
1799 3 2247 2248
1800 4 2248 2250
1801 1 2251 2254
1802 2 2251 2252
1803 3 2252 2253
1804 4 2253 2255
1805 1 2256 2259
1806 2 2256 2257
1807 3 2257 2258
1808 4 2258 2260
1809 1 2261 2264
1810 2 2261 2262
1811 3 2262 2263
1812 4 2263 2265
1813 1 2266 2269
1814 2 2266 2267
1815 3 2267 2268
1816 4 2268 2270
1817 1 2271 2274
1818 2 2271 2272
1819 3 2272 2273
1820 4 2273 2275
1821 1 2276 2279
1822 2 2276 2277
1823 3 2277 2278
1824 4 2278 2280
1825 1 2281 2284
1826 2 2281 2282
1827 3 2282 2283
1828 4 2283 2285
1829 1 2286 2289
1830 2 2286 2287
1831 3 2287 2288
1832 4 2288 2290
1833 1 2291 2294
1834 2 2291 2292
1835 3 2292 2293
1836 4 2293 2295
1837 1 2296 2299
1838 2 2296 2297
1839 3 2297 2298
1840 4 2298 2300
1841 1 2301 2304
1842 2 2301 2302
1843 3 2302 2303
1844 4 2303 2305
1845 1 2306 2309
1846 2 2306 2307
1847 3 2307 2308
1848 4 2308 2310
1849 1 2311 2314
1850 2 2311 2312
1851 3 2312 2313
1852 4 2313 2315
1853 1 2316 2319
1854 2 2316 2317
1855 3 2317 2318
1856 4 2318 2320
1857 1 2321 2324
1858 2 2321 2322
1859 3 2322 2323
1860 4 2323 2325
1861 1 2326 2329
1862 2 2326 2327
1863 3 2327 2328
1864 4 2328 2330
1865 1 2331 2334
1866 2 2331 2332
1867 3 2332 2333
1868 4 2333 2335
1869 1 2336 2339
1870 2 2336 2337
1871 3 2337 2338
1872 4 2338 2340
1873 1 2341 2344
1874 2 2341 2342
1875 3 2342 2343
1876 4 2343 2345
1877 1 2346 2349
1878 2 2346 2347
1879 3 2347 2348
1880 4 2348 2350
1881 1 2351 2354
1882 2 2351 2352
1883 3 2352 2353
1884 4 2353 2355
1885 1 2356 2359
1886 2 2356 2357
1887 3 2357 2358
1888 4 2358 2360
1889 1 2361 2364
1890 2 2361 2362
1891 3 2362 2363
1892 4 2363 2365
1893 1 2366 2369
1894 2 2366 2367
1895 3 2367 2368
1896 4 2368 2370
1897 1 2371 2374
1898 2 2371 2372
1899 3 2372 2373
1900 4 2373 2375
1901 1 2376 2379
1902 2 2376 2377
1903 3 2377 2378
1904 4 2378 2380
1905 1 2381 2384
1906 2 2381 2382
1907 3 2382 2383
1908 4 2383 2385
1909 1 2386 2389
1910 2 2386 2387
1911 3 2387 2388
1912 4 2388 2390
1913 1 2391 2394
1914 2 2391 2392
1915 3 2392 2393
1916 4 2393 2395
1917 1 2396 2399
1918 2 2396 2397
1919 3 2397 2398
1920 4 2398 2400
1921 1 2401 2404
1922 2 2401 2402
1923 3 2402 2403
1924 4 2403 2405
1925 1 2406 2409
1926 2 2406 2407
1927 3 2407 2408
1928 4 2408 2410
1929 1 2411 2414
1930 2 2411 2412
1931 3 2412 2413
1932 4 2413 2415
1933 1 2416 2419
1934 2 2416 2417
1935 3 2417 2418
1936 4 2418 2420
1937 1 2421 2424
1938 2 2421 2422
1939 3 2422 2423
1940 4 2423 2425
1941 1 2426 2429
1942 2 2426 2427
1943 3 2427 2428
1944 4 2428 2430
1945 1 2431 2434
1946 2 2431 2432
1947 3 2432 2433
1948 4 2433 2435
1949 1 2436 2439
1950 2 2436 2437
1951 3 2437 2438
1952 4 2438 2440
1953 1 2441 2444
1954 2 2441 2442
1955 3 2442 2443
1956 4 2443 2445
1957 1 2446 2449
1958 2 2446 2447
1959 3 2447 2448
1960 4 2448 2450
1961 1 2451 2454
1962 2 2451 2452
1963 3 2452 2453
1964 4 2453 2455
1965 1 2456 2459
1966 2 2456 2457
1967 3 2457 2458
1968 4 2458 2460
1969 1 2461 2464
1970 2 2461 2462
1971 3 2462 2463
1972 4 2463 2465
1973 1 2466 2469
1974 2 2466 2467
1975 3 2467 2468
1976 4 2468 2470
1977 1 2471 2474
1978 2 2471 2472
1979 3 2472 2473
1980 4 2473 2475
1981 1 2476 2479
1982 2 2476 2477
1983 3 2477 2478
1984 4 2478 2480
1985 1 2481 2484
1986 2 2481 2482
1987 3 2482 2483
1988 4 2483 2485
1989 1 2486 2489
1990 2 2486 2487
1991 3 2487 2488
1992 4 2488 2490
1993 1 2491 2494
1994 2 2491 2492
1995 3 2492 2493
1996 4 2493 2495
1997 1 2496 2499
1998 2 2496 2497
1999 3 2497 2498
2000 4 2498 2500
2001 1 2501 2504
2002 2 2501 2502
2003 3 2502 2503
2004 4 2503 2505
2005 1 2506 2509
2006 2 2506 2507
2007 3 2507 2508
2008 4 2508 2510
2009 1 2511 2514
2010 2 2511 2512
2011 3 2512 2513
2012 4 2513 2515
2013 1 2516 2519
2014 2 2516 2517
2015 3 2517 2518
2016 4 2518 2520
2017 1 2521 2524
2018 2 2521 2522
2019 3 2522 2523
2020 4 2523 2525
2021 1 2526 2529
2022 2 2526 2527
2023 3 2527 2528
2024 4 2528 2530
2025 1 2531 2534
2026 2 2531 2532
2027 3 2532 2533
2028 4 2533 2535
2029 1 2536 2539
2030 2 2536 2537
2031 3 2537 2538
2032 4 2538 2540
2033 1 2541 2544
2034 2 2541 2542
2035 3 2542 2543
2036 4 2543 2545
2037 1 2546 2549
2038 2 2546 2547
2039 3 2547 2548
2040 4 2548 2550
2041 1 2551 2554
2042 2 2551 2552
2043 3 2552 2553
2044 4 2553 2555
2045 1 2556 2559
2046 2 2556 2557
2047 3 2557 2558
2048 4 2558 2560
2049 1 2561 2564
2050 2 2561 2562
2051 3 2562 2563
2052 4 2563 2565
2053 1 2566 2569
2054 2 2566 2567
2055 3 2567 2568
2056 4 2568 2570
2057 1 2571 2574
2058 2 2571 2572
2059 3 2572 2573
2060 4 2573 2575
2061 1 2576 2579
2062 2 2576 2577
2063 3 2577 2578
2064 4 2578 2580
2065 1 2581 2584
2066 2 2581 2582
2067 3 2582 2583
2068 4 2583 2585
2069 1 2586 2589
2070 2 2586 2587
2071 3 2587 2588
2072 4 2588 2590
2073 1 2591 2594
2074 2 2591 2592
2075 3 2592 2593
2076 4 2593 2595
2077 1 2596 2599
2078 2 2596 2597
2079 3 2597 2598
2080 4 2598 2600
2081 1 2601 2604
2082 2 2601 2602
2083 3 2602 2603
2084 4 2603 2605
2085 1 2606 2609
2086 2 2606 2607
2087 3 2607 2608
2088 4 2608 2610
2089 1 2611 2614
2090 2 2611 2612
2091 3 2612 2613
2092 4 2613 2615
2093 1 2616 2619
2094 2 2616 2617
2095 3 2617 2618
2096 4 2618 2620
2097 1 2621 2624
2098 2 2621 2622
2099 3 2622 2623
2100 4 2623 2625
2101 1 2626 2629
2102 2 2626 2627
2103 3 2627 2628
2104 4 2628 2630
2105 1 2631 2634
2106 2 2631 2632
2107 3 2632 2633
2108 4 2633 2635
2109 1 2636 2639
2110 2 2636 2637
2111 3 2637 2638
2112 4 2638 2640
2113 1 2641 2644
2114 2 2641 2642
2115 3 2642 2643
2116 4 2643 2645
2117 1 2646 2649
2118 2 2646 2647
2119 3 2647 2648
2120 4 2648 2650
2121 1 2651 2654
2122 2 2651 2652
2123 3 2652 2653
2124 4 2653 2655
2125 1 2656 2659
2126 2 2656 2657
2127 3 2657 2658
2128 4 2658 2660
2129 1 2661 2664
2130 2 2661 2662
2131 3 2662 2663
2132 4 2663 2665
2133 1 2666 2669
2134 2 2666 2667
2135 3 2667 2668
2136 4 2668 2670
2137 1 2671 2674
2138 2 2671 2672
2139 3 2672 2673
2140 4 2673 2675
2141 1 2676 2679
2142 2 2676 2677
2143 3 2677 2678
2144 4 2678 2680
2145 1 2681 2684
2146 2 2681 2682
2147 3 2682 2683
2148 4 2683 2685
2149 1 2686 2689
2150 2 2686 2687
2151 3 2687 2688
2152 4 2688 2690
2153 1 2691 2694
2154 2 2691 2692
2155 3 2692 2693
2156 4 2693 2695
2157 1 2696 2699
2158 2 2696 2697
2159 3 2697 2698
2160 4 2698 2700
2161 1 2701 2704
2162 2 2701 2702
2163 3 2702 2703
2164 4 2703 2705
2165 1 2706 2709
2166 2 2706 2707
2167 3 2707 2708
2168 4 2708 2710
2169 1 2711 2714
2170 2 2711 2712
2171 3 2712 2713
2172 4 2713 2715
2173 1 2716 2719
2174 2 2716 2717
2175 3 2717 2718
2176 4 2718 2720
2177 1 2721 2724
2178 2 2721 2722
2179 3 2722 2723
2180 4 2723 2725
2181 1 2726 2729
2182 2 2726 2727
2183 3 2727 2728
2184 4 2728 2730
2185 1 2731 2734
2186 2 2731 2732
2187 3 2732 2733
2188 4 2733 2735
2189 1 2736 2739
2190 2 2736 2737
2191 3 2737 2738
2192 4 2738 2740
2193 1 2741 2744
2194 2 2741 2742
2195 3 2742 2743
2196 4 2743 2745
2197 1 2746 2749
2198 2 2746 2747
2199 3 2747 2748
2200 4 2748 2750
2201 1 2751 2754
2202 2 2751 2752
2203 3 2752 2753
2204 4 2753 2755
2205 1 2756 2759
2206 2 2756 2757
2207 3 2757 2758
2208 4 2758 2760
2209 1 2761 2764
2210 2 2761 2762
2211 3 2762 2763
2212 4 2763 2765
2213 1 2766 2769
2214 2 2766 2767
2215 3 2767 2768
2216 4 2768 2770
2217 1 2771 2774
2218 2 2771 2772
2219 3 2772 2773
2220 4 2773 2775
2221 1 2776 2779
2222 2 2776 2777
2223 3 2777 2778
2224 4 2778 2780
2225 1 2781 2784
2226 2 2781 2782
2227 3 2782 2783
2228 4 2783 2785
2229 1 2786 2789
2230 2 2786 2787
2231 3 2787 2788
2232 4 2788 2790
2233 1 2791 2794
2234 2 2791 2792
2235 3 2792 2793
2236 4 2793 2795
2237 1 2796 2799
2238 2 2796 2797
2239 3 2797 2798
2240 4 2798 2800
2241 1 2801 2804
2242 2 2801 2802
2243 3 2802 2803
2244 4 2803 2805
2245 1 2806 2809
2246 2 2806 2807
2247 3 2807 2808
2248 4 2808 2810
2249 1 2811 2814
2250 2 2811 2812
2251 3 2812 2813
2252 4 2813 2815
2253 1 2816 2819
2254 2 2816 2817
2255 3 2817 2818
2256 4 2818 2820
2257 1 2821 2824
2258 2 2821 2822
2259 3 2822 2823
2260 4 2823 2825
2261 1 2826 2829
2262 2 2826 2827
2263 3 2827 2828
2264 4 2828 2830
2265 1 2831 2834
2266 2 2831 2832
2267 3 2832 2833
2268 4 2833 2835
2269 1 2836 2839
2270 2 2836 2837
2271 3 2837 2838
2272 4 2838 2840
2273 1 2841 2844
2274 2 2841 2842
2275 3 2842 2843
2276 4 2843 2845
2277 1 2846 2849
2278 2 2846 2847
2279 3 2847 2848
2280 4 2848 2850
2281 1 2851 2854
2282 2 2851 2852
2283 3 2852 2853
2284 4 2853 2855
2285 1 2856 2859
2286 2 2856 2857
2287 3 2857 2858
2288 4 2858 2860
2289 1 2861 2864
2290 2 2861 2862
2291 3 2862 2863
2292 4 2863 2865
2293 1 2866 2869
2294 2 2866 2867
2295 3 2867 2868
2296 4 2868 2870
2297 1 2871 2874
2298 2 2871 2872
2299 3 2872 2873
2300 4 2873 2875
2301 1 2876 2879
2302 2 2876 2877
2303 3 2877 2878
2304 4 2878 2880
2305 1 2881 2884
2306 2 2881 2882
2307 3 2882 2883
2308 4 2883 2885
2309 1 2886 2889
2310 2 2886 2887
2311 3 2887 2888
2312 4 2888 2890
2313 1 2891 2894
2314 2 2891 2892
2315 3 2892 2893
2316 4 2893 2895
2317 1 2896 2899
2318 2 2896 2897
2319 3 2897 2898
2320 4 2898 2900
2321 1 2901 2904
2322 2 2901 2902
2323 3 2902 2903
2324 4 2903 2905
2325 1 2906 2909
2326 2 2906 2907
2327 3 2907 2908
2328 4 2908 2910
2329 1 2911 2914
2330 2 2911 2912
2331 3 2912 2913
2332 4 2913 2915
2333 1 2916 2919
2334 2 2916 2917
2335 3 2917 2918
2336 4 2918 2920
2337 1 2921 2924
2338 2 2921 2922
2339 3 2922 2923
2340 4 2923 2925
2341 1 2926 2929
2342 2 2926 2927
2343 3 2927 2928
2344 4 2928 2930
2345 1 2931 2934
2346 2 2931 2932
2347 3 2932 2933
2348 4 2933 2935
2349 1 2936 2939
2350 2 2936 2937
2351 3 2937 2938
2352 4 2938 2940
2353 1 2941 2944
2354 2 2941 2942
2355 3 2942 2943
2356 4 2943 2945
2357 1 2946 2949
2358 2 2946 2947
2359 3 2947 2948
2360 4 2948 2950
2361 1 2951 2954
2362 2 2951 2952
2363 3 2952 2953
2364 4 2953 2955
2365 1 2956 2959
2366 2 2956 2957
2367 3 2957 2958
2368 4 2958 2960
2369 1 2961 2964
2370 2 2961 2962
2371 3 2962 2963
2372 4 2963 2965
2373 1 2966 2969
2374 2 2966 2967
2375 3 2967 2968
2376 4 2968 2970
2377 1 2971 2974
2378 2 2971 2972
2379 3 2972 2973
2380 4 2973 2975
2381 1 2976 2979
2382 2 2976 2977
2383 3 2977 2978
2384 4 2978 2980
2385 1 2981 2984
2386 2 2981 2982
2387 3 2982 2983
2388 4 2983 2985
2389 1 2986 2989
2390 2 2986 2987
2391 3 2987 2988
2392 4 2988 2990
2393 1 2991 2994
2394 2 2991 2992
2395 3 2992 2993
2396 4 2993 2995
2397 1 2996 2999
2398 2 2996 2997
2399 3 2997 2998
2400 4 2998 3000
2401 1 3001 3004
2402 2 3001 3002
2403 3 3002 3003
2404 4 3003 3005
2405 1 3006 3009
2406 2 3006 3007
2407 3 3007 3008
2408 4 3008 3010
2409 1 3011 3014
2410 2 3011 3012
2411 3 3012 3013
2412 4 3013 3015
2413 1 3016 3019
2414 2 3016 3017
2415 3 3017 3018
2416 4 3018 3020
2417 1 3021 3024
2418 2 3021 3022
2419 3 3022 3023
2420 4 3023 3025
2421 1 3026 3029
2422 2 3026 3027
2423 3 3027 3028
2424 4 3028 3030
2425 1 3031 3034
2426 2 3031 3032
2427 3 3032 3033
2428 4 3033 3035
2429 1 3036 3039
2430 2 3036 3037
2431 3 3037 3038
2432 4 3038 3040
2433 1 3041 3044
2434 2 3041 3042
2435 3 3042 3043
2436 4 3043 3045
2437 1 3046 3049
2438 2 3046 3047
2439 3 3047 3048
2440 4 3048 3050
2441 1 3051 3054
2442 2 3051 3052
2443 3 3052 3053
2444 4 3053 3055
2445 1 3056 3059
2446 2 3056 3057
2447 3 3057 3058
2448 4 3058 3060
2449 1 3061 3064
2450 2 3061 3062
2451 3 3062 3063
2452 4 3063 3065
2453 1 3066 3069
2454 2 3066 3067
2455 3 3067 3068
2456 4 3068 3070
2457 1 3071 3074
2458 2 3071 3072
2459 3 3072 3073
2460 4 3073 3075
2461 1 3076 3079
2462 2 3076 3077
2463 3 3077 3078
2464 4 3078 3080
2465 1 3081 3084
2466 2 3081 3082
2467 3 3082 3083
2468 4 3083 3085
2469 1 3086 3089
2470 2 3086 3087
2471 3 3087 3088
2472 4 3088 3090
2473 1 3091 3094
2474 2 3091 3092
2475 3 3092 3093
2476 4 3093 3095
2477 1 3096 3099
2478 2 3096 3097
2479 3 3097 3098
2480 4 3098 3100
2481 1 3101 3104
2482 2 3101 3102
2483 3 3102 3103
2484 4 3103 3105
2485 1 3106 3109
2486 2 3106 3107
2487 3 3107 3108
2488 4 3108 3110
2489 1 3111 3114
2490 2 3111 3112
2491 3 3112 3113
2492 4 3113 3115
2493 1 3116 3119
2494 2 3116 3117
2495 3 3117 3118
2496 4 3118 3120
2497 1 3121 3124
2498 2 3121 3122
2499 3 3122 3123
2500 4 3123 3125
2501 1 3126 3129
2502 2 3126 3127
2503 3 3127 3128
2504 4 3128 3130
2505 1 3131 3134
2506 2 3131 3132
2507 3 3132 3133
2508 4 3133 3135
2509 1 3136 3139
2510 2 3136 3137
2511 3 3137 3138
2512 4 3138 3140
2513 1 3141 3144
2514 2 3141 3142
2515 3 3142 3143
2516 4 3143 3145
2517 1 3146 3149
2518 2 3146 3147
2519 3 3147 3148
2520 4 3148 3150
2521 1 3151 3154
2522 2 3151 3152
2523 3 3152 3153
2524 4 3153 3155
2525 1 3156 3159
2526 2 3156 3157
2527 3 3157 3158
2528 4 3158 3160
2529 1 3161 3164
2530 2 3161 3162
2531 3 3162 3163
2532 4 3163 3165
2533 1 3166 3169
2534 2 3166 3167
2535 3 3167 3168
2536 4 3168 3170
2537 1 3171 3174
2538 2 3171 3172
2539 3 3172 3173
2540 4 3173 3175
2541 1 3176 3179
2542 2 3176 3177
2543 3 3177 3178
2544 4 3178 3180
2545 1 3181 3184
2546 2 3181 3182
2547 3 3182 3183
2548 4 3183 3185
2549 1 3186 3189
2550 2 3186 3187
2551 3 3187 3188
2552 4 3188 3190
2553 1 3191 3194
2554 2 3191 3192
2555 3 3192 3193
2556 4 3193 3195
2557 1 3196 3199
2558 2 3196 3197
2559 3 3197 3198
2560 4 3198 3200
2561 1 3201 3204
2562 2 3201 3202
2563 3 3202 3203
2564 4 3203 3205
2565 1 3206 3209
2566 2 3206 3207
2567 3 3207 3208
2568 4 3208 3210
2569 1 3211 3214
2570 2 3211 3212
2571 3 3212 3213
2572 4 3213 3215
2573 1 3216 3219
2574 2 3216 3217
2575 3 3217 3218
2576 4 3218 3220
2577 1 3221 3224
2578 2 3221 3222
2579 3 3222 3223
2580 4 3223 3225
2581 1 3226 3229
2582 2 3226 3227
2583 3 3227 3228
2584 4 3228 3230
2585 1 3231 3234
2586 2 3231 3232
2587 3 3232 3233
2588 4 3233 3235
2589 1 3236 3239
2590 2 3236 3237
2591 3 3237 3238
2592 4 3238 3240
2593 1 3241 3244
2594 2 3241 3242
2595 3 3242 3243
2596 4 3243 3245
2597 1 3246 3249
2598 2 3246 3247
2599 3 3247 3248
2600 4 3248 3250
2601 1 3251 3254
2602 2 3251 3252
2603 3 3252 3253
2604 4 3253 3255
2605 1 3256 3259
2606 2 3256 3257
2607 3 3257 3258
2608 4 3258 3260
2609 1 3261 3264
2610 2 3261 3262
2611 3 3262 3263
2612 4 3263 3265
2613 1 3266 3269
2614 2 3266 3267
2615 3 3267 3268
2616 4 3268 3270
2617 1 3271 3274
2618 2 3271 3272
2619 3 3272 3273
2620 4 3273 3275
2621 1 3276 3279
2622 2 3276 3277
2623 3 3277 3278
2624 4 3278 3280
2625 1 3281 3284
2626 2 3281 3282
2627 3 3282 3283
2628 4 3283 3285
2629 1 3286 3289
2630 2 3286 3287
2631 3 3287 3288
2632 4 3288 3290
2633 1 3291 3294
2634 2 3291 3292
2635 3 3292 3293
2636 4 3293 3295
2637 1 3296 3299
2638 2 3296 3297
2639 3 3297 3298
2640 4 3298 3300
2641 1 3301 3304
2642 2 3301 3302
2643 3 3302 3303
2644 4 3303 3305
2645 1 3306 3309
2646 2 3306 3307
2647 3 3307 3308
2648 4 3308 3310
2649 1 3311 3314
2650 2 3311 3312
2651 3 3312 3313
2652 4 3313 3315
2653 1 3316 3319
2654 2 3316 3317
2655 3 3317 3318
2656 4 3318 3320
2657 1 3321 3324
2658 2 3321 3322
2659 3 3322 3323
2660 4 3323 3325
2661 1 3326 3329
2662 2 3326 3327
2663 3 3327 3328
2664 4 3328 3330
2665 1 3331 3334
2666 2 3331 3332
2667 3 3332 3333
2668 4 3333 3335
2669 1 3336 3339
2670 2 3336 3337
2671 3 3337 3338
2672 4 3338 3340
2673 1 3341 3344
2674 2 3341 3342
2675 3 3342 3343
2676 4 3343 3345
2677 1 3346 3349
2678 2 3346 3347
2679 3 3347 3348
2680 4 3348 3350
2681 1 3351 3354
2682 2 3351 3352
2683 3 3352 3353
2684 4 3353 3355
2685 1 3356 3359
2686 2 3356 3357
2687 3 3357 3358
2688 4 3358 3360
2689 1 3361 3364
2690 2 3361 3362
2691 3 3362 3363
2692 4 3363 3365
2693 1 3366 3369
2694 2 3366 3367
2695 3 3367 3368
2696 4 3368 3370
2697 1 3371 3374
2698 2 3371 3372
2699 3 3372 3373
2700 4 3373 3375
2701 1 3376 3379
2702 2 3376 3377
2703 3 3377 3378
2704 4 3378 3380
2705 1 3381 3384
2706 2 3381 3382
2707 3 3382 3383
2708 4 3383 3385
2709 1 3386 3389
2710 2 3386 3387
2711 3 3387 3388
2712 4 3388 3390
2713 1 3391 3394
2714 2 3391 3392
2715 3 3392 3393
2716 4 3393 3395
2717 1 3396 3399
2718 2 3396 3397
2719 3 3397 3398
2720 4 3398 3400
2721 1 3401 3404
2722 2 3401 3402
2723 3 3402 3403
2724 4 3403 3405
2725 1 3406 3409
2726 2 3406 3407
2727 3 3407 3408
2728 4 3408 3410
2729 1 3411 3414
2730 2 3411 3412
2731 3 3412 3413
2732 4 3413 3415
2733 1 3416 3419
2734 2 3416 3417
2735 3 3417 3418
2736 4 3418 3420
2737 1 3421 3424
2738 2 3421 3422
2739 3 3422 3423
2740 4 3423 3425
2741 1 3426 3429
2742 2 3426 3427
2743 3 3427 3428
2744 4 3428 3430
2745 1 3431 3434
2746 2 3431 3432
2747 3 3432 3433
2748 4 3433 3435
2749 1 3436 3439
2750 2 3436 3437
2751 3 3437 3438
2752 4 3438 3440
2753 1 3441 3444
2754 2 3441 3442
2755 3 3442 3443
2756 4 3443 3445
2757 1 3446 3449
2758 2 3446 3447
2759 3 3447 3448
2760 4 3448 3450
2761 1 3451 3454
2762 2 3451 3452
2763 3 3452 3453
2764 4 3453 3455
2765 1 3456 3459
2766 2 3456 3457
2767 3 3457 3458
2768 4 3458 3460
2769 1 3461 3464
2770 2 3461 3462
2771 3 3462 3463
2772 4 3463 3465
2773 1 3466 3469
2774 2 3466 3467
2775 3 3467 3468
2776 4 3468 3470
2777 1 3471 3474
2778 2 3471 3472
2779 3 3472 3473
2780 4 3473 3475
2781 1 3476 3479
2782 2 3476 3477
2783 3 3477 3478
2784 4 3478 3480
2785 1 3481 3484
2786 2 3481 3482
2787 3 3482 3483
2788 4 3483 3485
2789 1 3486 3489
2790 2 3486 3487
2791 3 3487 3488
2792 4 3488 3490
2793 1 3491 3494
2794 2 3491 3492
2795 3 3492 3493
2796 4 3493 3495
2797 1 3496 3499
2798 2 3496 3497
2799 3 3497 3498
2800 4 3498 3500
2801 1 3501 3504
2802 2 3501 3502
2803 3 3502 3503
2804 4 3503 3505
2805 1 3506 3509
2806 2 3506 3507
2807 3 3507 3508
2808 4 3508 3510
2809 1 3511 3514
2810 2 3511 3512
2811 3 3512 3513
2812 4 3513 3515
2813 1 3516 3519
2814 2 3516 3517
2815 3 3517 3518
2816 4 3518 3520
2817 1 3521 3524
2818 2 3521 3522
2819 3 3522 3523
2820 4 3523 3525
2821 1 3526 3529
2822 2 3526 3527
2823 3 3527 3528
2824 4 3528 3530
2825 1 3531 3534
2826 2 3531 3532
2827 3 3532 3533
2828 4 3533 3535
2829 1 3536 3539
2830 2 3536 3537
2831 3 3537 3538
2832 4 3538 3540
2833 1 3541 3544
2834 2 3541 3542
2835 3 3542 3543
2836 4 3543 3545
2837 1 3546 3549
2838 2 3546 3547
2839 3 3547 3548
2840 4 3548 3550
2841 1 3551 3554
2842 2 3551 3552
2843 3 3552 3553
2844 4 3553 3555
2845 1 3556 3559
2846 2 3556 3557
2847 3 3557 3558
2848 4 3558 3560
2849 1 3561 3564
2850 2 3561 3562
2851 3 3562 3563
2852 4 3563 3565
2853 1 3566 3569
2854 2 3566 3567
2855 3 3567 3568
2856 4 3568 3570
2857 1 3571 3574
2858 2 3571 3572
2859 3 3572 3573
2860 4 3573 3575
2861 1 3576 3579
2862 2 3576 3577
2863 3 3577 3578
2864 4 3578 3580
2865 1 3581 3584
2866 2 3581 3582
2867 3 3582 3583
2868 4 3583 3585
2869 1 3586 3589
2870 2 3586 3587
2871 3 3587 3588
2872 4 3588 3590
2873 1 3591 3594
2874 2 3591 3592
2875 3 3592 3593
2876 4 3593 3595
2877 1 3596 3599
2878 2 3596 3597
2879 3 3597 3598
2880 4 3598 3600
2881 1 3601 3604
2882 2 3601 3602
2883 3 3602 3603
2884 4 3603 3605
2885 1 3606 3609
2886 2 3606 3607
2887 3 3607 3608
2888 4 3608 3610
2889 1 3611 3614
2890 2 3611 3612
2891 3 3612 3613
2892 4 3613 3615
2893 1 3616 3619
2894 2 3616 3617
2895 3 3617 3618
2896 4 3618 3620
2897 1 3621 3624
2898 2 3621 3622
2899 3 3622 3623
2900 4 3623 3625
2901 1 3626 3629
2902 2 3626 3627
2903 3 3627 3628
2904 4 3628 3630
2905 1 3631 3634
2906 2 3631 3632
2907 3 3632 3633
2908 4 3633 3635
2909 1 3636 3639
2910 2 3636 3637
2911 3 3637 3638
2912 4 3638 3640
2913 1 3641 3644
2914 2 3641 3642
2915 3 3642 3643
2916 4 3643 3645
2917 1 3646 3649
2918 2 3646 3647
2919 3 3647 3648
2920 4 3648 3650
2921 1 3651 3654
2922 2 3651 3652
2923 3 3652 3653
2924 4 3653 3655
2925 1 3656 3659
2926 2 3656 3657
2927 3 3657 3658
2928 4 3658 3660
2929 1 3661 3664
2930 2 3661 3662
2931 3 3662 3663
2932 4 3663 3665
2933 1 3666 3669
2934 2 3666 3667
2935 3 3667 3668
2936 4 3668 3670
2937 1 3671 3674
2938 2 3671 3672
2939 3 3672 3673
2940 4 3673 3675
2941 1 3676 3679
2942 2 3676 3677
2943 3 3677 3678
2944 4 3678 3680
2945 1 3681 3684
2946 2 3681 3682
2947 3 3682 3683
2948 4 3683 3685
2949 1 3686 3689
2950 2 3686 3687
2951 3 3687 3688
2952 4 3688 3690
2953 1 3691 3694
2954 2 3691 3692
2955 3 3692 3693
2956 4 3693 3695
2957 1 3696 3699
2958 2 3696 3697
2959 3 3697 3698
2960 4 3698 3700
2961 1 3701 3704
2962 2 3701 3702
2963 3 3702 3703
2964 4 3703 3705
2965 1 3706 3709
2966 2 3706 3707
2967 3 3707 3708
2968 4 3708 3710
2969 1 3711 3714
2970 2 3711 3712
2971 3 3712 3713
2972 4 3713 3715
2973 1 3716 3719
2974 2 3716 3717
2975 3 3717 3718
2976 4 3718 3720
2977 1 3721 3724
2978 2 3721 3722
2979 3 3722 3723
2980 4 3723 3725
2981 1 3726 3729
2982 2 3726 3727
2983 3 3727 3728
2984 4 3728 3730
2985 1 3731 3734
2986 2 3731 3732
2987 3 3732 3733
2988 4 3733 3735
2989 1 3736 3739
2990 2 3736 3737
2991 3 3737 3738
2992 4 3738 3740
2993 1 3741 3744
2994 2 3741 3742
2995 3 3742 3743
2996 4 3743 3745
2997 1 3746 3749
2998 2 3746 3747
2999 3 3747 3748
3000 4 3748 3750
3001 1 3751 3754
3002 2 3751 3752
3003 3 3752 3753
3004 4 3753 3755
3005 1 3756 3759
3006 2 3756 3757
3007 3 3757 3758
3008 4 3758 3760
3009 1 3761 3764
3010 2 3761 3762
3011 3 3762 3763
3012 4 3763 3765
3013 1 3766 3769
3014 2 3766 3767
3015 3 3767 3768
3016 4 3768 3770
3017 1 3771 3774
3018 2 3771 3772
3019 3 3772 3773
3020 4 3773 3775
3021 1 3776 3779
3022 2 3776 3777
3023 3 3777 3778
3024 4 3778 3780
3025 1 3781 3784
3026 2 3781 3782
3027 3 3782 3783
3028 4 3783 3785
3029 1 3786 3789
3030 2 3786 3787
3031 3 3787 3788
3032 4 3788 3790
3033 1 3791 3794
3034 2 3791 3792
3035 3 3792 3793
3036 4 3793 3795
3037 1 3796 3799
3038 2 3796 3797
3039 3 3797 3798
3040 4 3798 3800
3041 1 3801 3804
3042 2 3801 3802
3043 3 3802 3803
3044 4 3803 3805
3045 1 3806 3809
3046 2 3806 3807
3047 3 3807 3808
3048 4 3808 3810
3049 1 3811 3814
3050 2 3811 3812
3051 3 3812 3813
3052 4 3813 3815
3053 1 3816 3819
3054 2 3816 3817
3055 3 3817 3818
3056 4 3818 3820
3057 1 3821 3824
3058 2 3821 3822
3059 3 3822 3823
3060 4 3823 3825
3061 1 3826 3829
3062 2 3826 3827
3063 3 3827 3828
3064 4 3828 3830
3065 1 3831 3834
3066 2 3831 3832
3067 3 3832 3833
3068 4 3833 3835
3069 1 3836 3839
3070 2 3836 3837
3071 3 3837 3838
3072 4 3838 3840
3073 1 3841 3844
3074 2 3841 3842
3075 3 3842 3843
3076 4 3843 3845
3077 1 3846 3849
3078 2 3846 3847
3079 3 3847 3848
3080 4 3848 3850
3081 1 3851 3854
3082 2 3851 3852
3083 3 3852 3853
3084 4 3853 3855
3085 1 3856 3859
3086 2 3856 3857
3087 3 3857 3858
3088 4 3858 3860
3089 1 3861 3864
3090 2 3861 3862
3091 3 3862 3863
3092 4 3863 3865
3093 1 3866 3869
3094 2 3866 3867
3095 3 3867 3868
3096 4 3868 3870
3097 1 3871 3874
3098 2 3871 3872
3099 3 3872 3873
3100 4 3873 3875
3101 1 3876 3879
3102 2 3876 3877
3103 3 3877 3878
3104 4 3878 3880
3105 1 3881 3884
3106 2 3881 3882
3107 3 3882 3883
3108 4 3883 3885
3109 1 3886 3889
3110 2 3886 3887
3111 3 3887 3888
3112 4 3888 3890
3113 1 3891 3894
3114 2 3891 3892
3115 3 3892 3893
3116 4 3893 3895
3117 1 3896 3899
3118 2 3896 3897
3119 3 3897 3898
3120 4 3898 3900
3121 1 3901 3904
3122 2 3901 3902
3123 3 3902 3903
3124 4 3903 3905
3125 1 3906 3909
3126 2 3906 3907
3127 3 3907 3908
3128 4 3908 3910
3129 1 3911 3914
3130 2 3911 3912
3131 3 3912 3913
3132 4 3913 3915
3133 1 3916 3919
3134 2 3916 3917
3135 3 3917 3918
3136 4 3918 3920
3137 1 3921 3924
3138 2 3921 3922
3139 3 3922 3923
3140 4 3923 3925
3141 1 3926 3929
3142 2 3926 3927
3143 3 3927 3928
3144 4 3928 3930
3145 1 3931 3934
3146 2 3931 3932
3147 3 3932 3933
3148 4 3933 3935
3149 1 3936 3939
3150 2 3936 3937
3151 3 3937 3938
3152 4 3938 3940
3153 1 3941 3944
3154 2 3941 3942
3155 3 3942 3943
3156 4 3943 3945
3157 1 3946 3949
3158 2 3946 3947
3159 3 3947 3948
3160 4 3948 3950
3161 1 3951 3954
3162 2 3951 3952
3163 3 3952 3953
3164 4 3953 3955
3165 1 3956 3959
3166 2 3956 3957
3167 3 3957 3958
3168 4 3958 3960
3169 1 3961 3964
3170 2 3961 3962
3171 3 3962 3963
3172 4 3963 3965
3173 1 3966 3969
3174 2 3966 3967
3175 3 3967 3968
3176 4 3968 3970
3177 1 3971 3974
3178 2 3971 3972
3179 3 3972 3973
3180 4 3973 3975
3181 1 3976 3979
3182 2 3976 3977
3183 3 3977 3978
3184 4 3978 3980
3185 1 3981 3984
3186 2 3981 3982
3187 3 3982 3983
3188 4 3983 3985
3189 1 3986 3989
3190 2 3986 3987
3191 3 3987 3988
3192 4 3988 3990
3193 1 3991 3994
3194 2 3991 3992
3195 3 3992 3993
3196 4 3993 3995
3197 1 3996 3999
3198 2 3996 3997
3199 3 3997 3998
3200 4 3998 4000
3201 1 4001 4004
3202 2 4001 4002
3203 3 4002 4003
3204 4 4003 4005
3205 1 4006 4009
3206 2 4006 4007
3207 3 4007 4008
3208 4 4008 4010
3209 1 4011 4014
3210 2 4011 4012
3211 3 4012 4013
3212 4 4013 4015
3213 1 4016 4019
3214 2 4016 4017
3215 3 4017 4018
3216 4 4018 4020
3217 1 4021 4024
3218 2 4021 4022
3219 3 4022 4023
3220 4 4023 4025
3221 1 4026 4029
3222 2 4026 4027
3223 3 4027 4028
3224 4 4028 4030
3225 1 4031 4034
3226 2 4031 4032
3227 3 4032 4033
3228 4 4033 4035
3229 1 4036 4039
3230 2 4036 4037
3231 3 4037 4038
3232 4 4038 4040
3233 1 4041 4044
3234 2 4041 4042
3235 3 4042 4043
3236 4 4043 4045
3237 1 4046 4049
3238 2 4046 4047
3239 3 4047 4048
3240 4 4048 4050
3241 1 4051 4054
3242 2 4051 4052
3243 3 4052 4053
3244 4 4053 4055
3245 1 4056 4059
3246 2 4056 4057
3247 3 4057 4058
3248 4 4058 4060
3249 1 4061 4064
3250 2 4061 4062
3251 3 4062 4063
3252 4 4063 4065
3253 1 4066 4069
3254 2 4066 4067
3255 3 4067 4068
3256 4 4068 4070
3257 1 4071 4074
3258 2 4071 4072
3259 3 4072 4073
3260 4 4073 4075
3261 1 4076 4079
3262 2 4076 4077
3263 3 4077 4078
3264 4 4078 4080
3265 1 4081 4084
3266 2 4081 4082
3267 3 4082 4083
3268 4 4083 4085
3269 1 4086 4089
3270 2 4086 4087
3271 3 4087 4088
3272 4 4088 4090
3273 1 4091 4094
3274 2 4091 4092
3275 3 4092 4093
3276 4 4093 4095
3277 1 4096 4099
3278 2 4096 4097
3279 3 4097 4098
3280 4 4098 4100
3281 1 4101 4104
3282 2 4101 4102
3283 3 4102 4103
3284 4 4103 4105
3285 1 4106 4109
3286 2 4106 4107
3287 3 4107 4108
3288 4 4108 4110
3289 1 4111 4114
3290 2 4111 4112
3291 3 4112 4113
3292 4 4113 4115
3293 1 4116 4119
3294 2 4116 4117
3295 3 4117 4118
3296 4 4118 4120
3297 1 4121 4124
3298 2 4121 4122
3299 3 4122 4123
3300 4 4123 4125
3301 1 4126 4129
3302 2 4126 4127
3303 3 4127 4128
3304 4 4128 4130
3305 1 4131 4134
3306 2 4131 4132
3307 3 4132 4133
3308 4 4133 4135
3309 1 4136 4139
3310 2 4136 4137
3311 3 4137 4138
3312 4 4138 4140
3313 1 4141 4144
3314 2 4141 4142
3315 3 4142 4143
3316 4 4143 4145
3317 1 4146 4149
3318 2 4146 4147
3319 3 4147 4148
3320 4 4148 4150
3321 1 4151 4154
3322 2 4151 4152
3323 3 4152 4153
3324 4 4153 4155
3325 1 4156 4159
3326 2 4156 4157
3327 3 4157 4158
3328 4 4158 4160
3329 1 4161 4164
3330 2 4161 4162
3331 3 4162 4163
3332 4 4163 4165
3333 1 4166 4169
3334 2 4166 4167
3335 3 4167 4168
3336 4 4168 4170
3337 1 4171 4174
3338 2 4171 4172
3339 3 4172 4173
3340 4 4173 4175
3341 1 4176 4179
3342 2 4176 4177
3343 3 4177 4178
3344 4 4178 4180
3345 1 4181 4184
3346 2 4181 4182
3347 3 4182 4183
3348 4 4183 4185
3349 1 4186 4189
3350 2 4186 4187
3351 3 4187 4188
3352 4 4188 4190
3353 1 4191 4194
3354 2 4191 4192
3355 3 4192 4193
3356 4 4193 4195
3357 1 4196 4199
3358 2 4196 4197
3359 3 4197 4198
3360 4 4198 4200
3361 1 4201 4204
3362 2 4201 4202
3363 3 4202 4203
3364 4 4203 4205
3365 1 4206 4209
3366 2 4206 4207
3367 3 4207 4208
3368 4 4208 4210
3369 1 4211 4214
3370 2 4211 4212
3371 3 4212 4213
3372 4 4213 4215
3373 1 4216 4219
3374 2 4216 4217
3375 3 4217 4218
3376 4 4218 4220
3377 1 4221 4224
3378 2 4221 4222
3379 3 4222 4223
3380 4 4223 4225
3381 1 4226 4229
3382 2 4226 4227
3383 3 4227 4228
3384 4 4228 4230
3385 1 4231 4234
3386 2 4231 4232
3387 3 4232 4233
3388 4 4233 4235
3389 1 4236 4239
3390 2 4236 4237
3391 3 4237 4238
3392 4 4238 4240
3393 1 4241 4244
3394 2 4241 4242
3395 3 4242 4243
3396 4 4243 4245
3397 1 4246 4249
3398 2 4246 4247
3399 3 4247 4248
3400 4 4248 4250
3401 1 4251 4254
3402 2 4251 4252
3403 3 4252 4253
3404 4 4253 4255
3405 1 4256 4259
3406 2 4256 4257
3407 3 4257 4258
3408 4 4258 4260
3409 1 4261 4264
3410 2 4261 4262
3411 3 4262 4263
3412 4 4263 4265
3413 1 4266 4269
3414 2 4266 4267
3415 3 4267 4268
3416 4 4268 4270
3417 1 4271 4274
3418 2 4271 4272
3419 3 4272 4273
3420 4 4273 4275
3421 1 4276 4279
3422 2 4276 4277
3423 3 4277 4278
3424 4 4278 4280
3425 1 4281 4284
3426 2 4281 4282
3427 3 4282 4283
3428 4 4283 4285
3429 1 4286 4289
3430 2 4286 4287
3431 3 4287 4288
3432 4 4288 4290
3433 1 4291 4294
3434 2 4291 4292
3435 3 4292 4293
3436 4 4293 4295
3437 1 4296 4299
3438 2 4296 4297
3439 3 4297 4298
3440 4 4298 4300
3441 1 4301 4304
3442 2 4301 4302
3443 3 4302 4303
3444 4 4303 4305
3445 1 4306 4309
3446 2 4306 4307
3447 3 4307 4308
3448 4 4308 4310
3449 1 4311 4314
3450 2 4311 4312
3451 3 4312 4313
3452 4 4313 4315
3453 1 4316 4319
3454 2 4316 4317
3455 3 4317 4318
3456 4 4318 4320
3457 1 4321 4324
3458 2 4321 4322
3459 3 4322 4323
3460 4 4323 4325
3461 1 4326 4329
3462 2 4326 4327
3463 3 4327 4328
3464 4 4328 4330
3465 1 4331 4334
3466 2 4331 4332
3467 3 4332 4333
3468 4 4333 4335
3469 1 4336 4339
3470 2 4336 4337
3471 3 4337 4338
3472 4 4338 4340
3473 1 4341 4344
3474 2 4341 4342
3475 3 4342 4343
3476 4 4343 4345
3477 1 4346 4349
3478 2 4346 4347
3479 3 4347 4348
3480 4 4348 4350
3481 1 4351 4354
3482 2 4351 4352
3483 3 4352 4353
3484 4 4353 4355
3485 1 4356 4359
3486 2 4356 4357
3487 3 4357 4358
3488 4 4358 4360
3489 1 4361 4364
3490 2 4361 4362
3491 3 4362 4363
3492 4 4363 4365
3493 1 4366 4369
3494 2 4366 4367
3495 3 4367 4368
3496 4 4368 4370
3497 1 4371 4374
3498 2 4371 4372
3499 3 4372 4373
3500 4 4373 4375
3501 1 4376 4379
3502 2 4376 4377
3503 3 4377 4378
3504 4 4378 4380
3505 1 4381 4384
3506 2 4381 4382
3507 3 4382 4383
3508 4 4383 4385
3509 1 4386 4389
3510 2 4386 4387
3511 3 4387 4388
3512 4 4388 4390
3513 1 4391 4394
3514 2 4391 4392
3515 3 4392 4393
3516 4 4393 4395
3517 1 4396 4399
3518 2 4396 4397
3519 3 4397 4398
3520 4 4398 4400
3521 1 4401 4404
3522 2 4401 4402
3523 3 4402 4403
3524 4 4403 4405
3525 1 4406 4409
3526 2 4406 4407
3527 3 4407 4408
3528 4 4408 4410
3529 1 4411 4414
3530 2 4411 4412
3531 3 4412 4413
3532 4 4413 4415
3533 1 4416 4419
3534 2 4416 4417
3535 3 4417 4418
3536 4 4418 4420
3537 1 4421 4424
3538 2 4421 4422
3539 3 4422 4423
3540 4 4423 4425
3541 1 4426 4429
3542 2 4426 4427
3543 3 4427 4428
3544 4 4428 4430
3545 1 4431 4434
3546 2 4431 4432
3547 3 4432 4433
3548 4 4433 4435
3549 1 4436 4439
3550 2 4436 4437
3551 3 4437 4438
3552 4 4438 4440
3553 1 4441 4444
3554 2 4441 4442
3555 3 4442 4443
3556 4 4443 4445
3557 1 4446 4449
3558 2 4446 4447
3559 3 4447 4448
3560 4 4448 4450
3561 1 4451 4454
3562 2 4451 4452
3563 3 4452 4453
3564 4 4453 4455
3565 1 4456 4459
3566 2 4456 4457
3567 3 4457 4458
3568 4 4458 4460
3569 1 4461 4464
3570 2 4461 4462
3571 3 4462 4463
3572 4 4463 4465
3573 1 4466 4469
3574 2 4466 4467
3575 3 4467 4468
3576 4 4468 4470
3577 1 4471 4474
3578 2 4471 4472
3579 3 4472 4473
3580 4 4473 4475
3581 1 4476 4479
3582 2 4476 4477
3583 3 4477 4478
3584 4 4478 4480
3585 1 4481 4484
3586 2 4481 4482
3587 3 4482 4483
3588 4 4483 4485
3589 1 4486 4489
3590 2 4486 4487
3591 3 4487 4488
3592 4 4488 4490
3593 1 4491 4494
3594 2 4491 4492
3595 3 4492 4493
3596 4 4493 4495
3597 1 4496 4499
3598 2 4496 4497
3599 3 4497 4498
3600 4 4498 4500
3601 1 4501 4504
3602 2 4501 4502
3603 3 4502 4503
3604 4 4503 4505
3605 1 4506 4509
3606 2 4506 4507
3607 3 4507 4508
3608 4 4508 4510
3609 1 4511 4514
3610 2 4511 4512
3611 3 4512 4513
3612 4 4513 4515
3613 1 4516 4519
3614 2 4516 4517
3615 3 4517 4518
3616 4 4518 4520
3617 1 4521 4524
3618 2 4521 4522
3619 3 4522 4523
3620 4 4523 4525
3621 1 4526 4529
3622 2 4526 4527
3623 3 4527 4528
3624 4 4528 4530
3625 1 4531 4534
3626 2 4531 4532
3627 3 4532 4533
3628 4 4533 4535
3629 1 4536 4539
3630 2 4536 4537
3631 3 4537 4538
3632 4 4538 4540
3633 1 4541 4544
3634 2 4541 4542
3635 3 4542 4543
3636 4 4543 4545
3637 1 4546 4549
3638 2 4546 4547
3639 3 4547 4548
3640 4 4548 4550
3641 1 4551 4554
3642 2 4551 4552
3643 3 4552 4553
3644 4 4553 4555
3645 1 4556 4559
3646 2 4556 4557
3647 3 4557 4558
3648 4 4558 4560
3649 1 4561 4564
3650 2 4561 4562
3651 3 4562 4563
3652 4 4563 4565
3653 1 4566 4569
3654 2 4566 4567
3655 3 4567 4568
3656 4 4568 4570
3657 1 4571 4574
3658 2 4571 4572
3659 3 4572 4573
3660 4 4573 4575
3661 1 4576 4579
3662 2 4576 4577
3663 3 4577 4578
3664 4 4578 4580
3665 1 4581 4584
3666 2 4581 4582
3667 3 4582 4583
3668 4 4583 4585
3669 1 4586 4589
3670 2 4586 4587
3671 3 4587 4588
3672 4 4588 4590
3673 1 4591 4594
3674 2 4591 4592
3675 3 4592 4593
3676 4 4593 4595
3677 1 4596 4599
3678 2 4596 4597
3679 3 4597 4598
3680 4 4598 4600
3681 1 4601 4604
3682 2 4601 4602
3683 3 4602 4603
3684 4 4603 4605
3685 1 4606 4609
3686 2 4606 4607
3687 3 4607 4608
3688 4 4608 4610
3689 1 4611 4614
3690 2 4611 4612
3691 3 4612 4613
3692 4 4613 4615
3693 1 4616 4619
3694 2 4616 4617
3695 3 4617 4618
3696 4 4618 4620
3697 1 4621 4624
3698 2 4621 4622
3699 3 4622 4623
3700 4 4623 4625
3701 1 4626 4629
3702 2 4626 4627
3703 3 4627 4628
3704 4 4628 4630
3705 1 4631 4634
3706 2 4631 4632
3707 3 4632 4633
3708 4 4633 4635
3709 1 4636 4639
3710 2 4636 4637
3711 3 4637 4638
3712 4 4638 4640
3713 1 4641 4644
3714 2 4641 4642
3715 3 4642 4643
3716 4 4643 4645
3717 1 4646 4649
3718 2 4646 4647
3719 3 4647 4648
3720 4 4648 4650
3721 1 4651 4654
3722 2 4651 4652
3723 3 4652 4653
3724 4 4653 4655
3725 1 4656 4659
3726 2 4656 4657
3727 3 4657 4658
3728 4 4658 4660
3729 1 4661 4664
3730 2 4661 4662
3731 3 4662 4663
3732 4 4663 4665
3733 1 4666 4669
3734 2 4666 4667
3735 3 4667 4668
3736 4 4668 4670
3737 1 4671 4674
3738 2 4671 4672
3739 3 4672 4673
3740 4 4673 4675
3741 1 4676 4679
3742 2 4676 4677
3743 3 4677 4678
3744 4 4678 4680
3745 1 4681 4684
3746 2 4681 4682
3747 3 4682 4683
3748 4 4683 4685
3749 1 4686 4689
3750 2 4686 4687
3751 3 4687 4688
3752 4 4688 4690
3753 1 4691 4694
3754 2 4691 4692
3755 3 4692 4693
3756 4 4693 4695
3757 1 4696 4699
3758 2 4696 4697
3759 3 4697 4698
3760 4 4698 4700
3761 1 4701 4704
3762 2 4701 4702
3763 3 4702 4703
3764 4 4703 4705
3765 1 4706 4709
3766 2 4706 4707
3767 3 4707 4708
3768 4 4708 4710
3769 1 4711 4714
3770 2 4711 4712
3771 3 4712 4713
3772 4 4713 4715
3773 1 4716 4719
3774 2 4716 4717
3775 3 4717 4718
3776 4 4718 4720
3777 1 4721 4724
3778 2 4721 4722
3779 3 4722 4723
3780 4 4723 4725
3781 1 4726 4729
3782 2 4726 4727
3783 3 4727 4728
3784 4 4728 4730
3785 1 4731 4734
3786 2 4731 4732
3787 3 4732 4733
3788 4 4733 4735
3789 1 4736 4739
3790 2 4736 4737
3791 3 4737 4738
3792 4 4738 4740
3793 1 4741 4744
3794 2 4741 4742
3795 3 4742 4743
3796 4 4743 4745
3797 1 4746 4749
3798 2 4746 4747
3799 3 4747 4748
3800 4 4748 4750
3801 1 4751 4754
3802 2 4751 4752
3803 3 4752 4753
3804 4 4753 4755
3805 1 4756 4759
3806 2 4756 4757
3807 3 4757 4758
3808 4 4758 4760
3809 1 4761 4764
3810 2 4761 4762
3811 3 4762 4763
3812 4 4763 4765
3813 1 4766 4769
3814 2 4766 4767
3815 3 4767 4768
3816 4 4768 4770
3817 1 4771 4774
3818 2 4771 4772
3819 3 4772 4773
3820 4 4773 4775
3821 1 4776 4779
3822 2 4776 4777
3823 3 4777 4778
3824 4 4778 4780
3825 1 4781 4784
3826 2 4781 4782
3827 3 4782 4783
3828 4 4783 4785
3829 1 4786 4789
3830 2 4786 4787
3831 3 4787 4788
3832 4 4788 4790
3833 1 4791 4794
3834 2 4791 4792
3835 3 4792 4793
3836 4 4793 4795
3837 1 4796 4799
3838 2 4796 4797
3839 3 4797 4798
3840 4 4798 4800
3841 1 4801 4804
3842 2 4801 4802
3843 3 4802 4803
3844 4 4803 4805
3845 1 4806 4809
3846 2 4806 4807
3847 3 4807 4808
3848 4 4808 4810
3849 1 4811 4814
3850 2 4811 4812
3851 3 4812 4813
3852 4 4813 4815
3853 1 4816 4819
3854 2 4816 4817
3855 3 4817 4818
3856 4 4818 4820
3857 1 4821 4824
3858 2 4821 4822
3859 3 4822 4823
3860 4 4823 4825
3861 1 4826 4829
3862 2 4826 4827
3863 3 4827 4828
3864 4 4828 4830
3865 1 4831 4834
3866 2 4831 4832
3867 3 4832 4833
3868 4 4833 4835
3869 1 4836 4839
3870 2 4836 4837
3871 3 4837 4838
3872 4 4838 4840
3873 1 4841 4844
3874 2 4841 4842
3875 3 4842 4843
3876 4 4843 4845
3877 1 4846 4849
3878 2 4846 4847
3879 3 4847 4848
3880 4 4848 4850
3881 1 4851 4854
3882 2 4851 4852
3883 3 4852 4853
3884 4 4853 4855
3885 1 4856 4859
3886 2 4856 4857
3887 3 4857 4858
3888 4 4858 4860
3889 1 4861 4864
3890 2 4861 4862
3891 3 4862 4863
3892 4 4863 4865
3893 1 4866 4869
3894 2 4866 4867
3895 3 4867 4868
3896 4 4868 4870
3897 1 4871 4874
3898 2 4871 4872
3899 3 4872 4873
3900 4 4873 4875
3901 1 4876 4879
3902 2 4876 4877
3903 3 4877 4878
3904 4 4878 4880
3905 1 4881 4884
3906 2 4881 4882
3907 3 4882 4883
3908 4 4883 4885
3909 1 4886 4889
3910 2 4886 4887
3911 3 4887 4888
3912 4 4888 4890
3913 1 4891 4894
3914 2 4891 4892
3915 3 4892 4893
3916 4 4893 4895
3917 1 4896 4899
3918 2 4896 4897
3919 3 4897 4898
3920 4 4898 4900
3921 1 4901 4904
3922 2 4901 4902
3923 3 4902 4903
3924 4 4903 4905
3925 1 4906 4909
3926 2 4906 4907
3927 3 4907 4908
3928 4 4908 4910
3929 1 4911 4914
3930 2 4911 4912
3931 3 4912 4913
3932 4 4913 4915
3933 1 4916 4919
3934 2 4916 4917
3935 3 4917 4918
3936 4 4918 4920
3937 1 4921 4924
3938 2 4921 4922
3939 3 4922 4923
3940 4 4923 4925
3941 1 4926 4929
3942 2 4926 4927
3943 3 4927 4928
3944 4 4928 4930
3945 1 4931 4934
3946 2 4931 4932
3947 3 4932 4933
3948 4 4933 4935
3949 1 4936 4939
3950 2 4936 4937
3951 3 4937 4938
3952 4 4938 4940
3953 1 4941 4944
3954 2 4941 4942
3955 3 4942 4943
3956 4 4943 4945
3957 1 4946 4949
3958 2 4946 4947
3959 3 4947 4948
3960 4 4948 4950
3961 1 4951 4954
3962 2 4951 4952
3963 3 4952 4953
3964 4 4953 4955
3965 1 4956 4959
3966 2 4956 4957
3967 3 4957 4958
3968 4 4958 4960
3969 1 4961 4964
3970 2 4961 4962
3971 3 4962 4963
3972 4 4963 4965
3973 1 4966 4969
3974 2 4966 4967
3975 3 4967 4968
3976 4 4968 4970
3977 1 4971 4974
3978 2 4971 4972
3979 3 4972 4973
3980 4 4973 4975
3981 1 4976 4979
3982 2 4976 4977
3983 3 4977 4978
3984 4 4978 4980
3985 1 4981 4984
3986 2 4981 4982
3987 3 4982 4983
3988 4 4983 4985
3989 1 4986 4989
3990 2 4986 4987
3991 3 4987 4988
3992 4 4988 4990
3993 1 4991 4994
3994 2 4991 4992
3995 3 4992 4993
3996 4 4993 4995
3997 1 4996 4999
3998 2 4996 4997
3999 3 4997 4998
4000 4 4998 5000
