1 2 2455 2456 2457 2458
2 2 2468 2469 2470 2471
3 2 2481 2482 2483 2484
4 2 2494 2495 2496 2497
5 2 2507 2508 2509 2510
6 2 2520 2521 2522 2523
7 2 2533 2534 2535 2536
8 2 2546 2547 2548 2549
9 2 2559 2560 2561 2562
10 2 2572 2573 2574 2575
11 2 2585 2586 2587 2588
12 2 2598 2599 2600 2601
13 2 2611 2612 2613 2614
14 2 2624 2625 2626 2627
15 2 2637 2638 2639 2640
16 2 2650 2651 2652 2653
17 2 2663 2664 2665 2666
18 2 2676 2677 2678 2679
19 2 2689 2690 2691 2692
20 2 2702 2703 2704 2705
21 2 2715 2716 2717 2718
22 2 2728 2729 2730 2731
23 2 2741 2742 2743 2744
24 2 2754 2755 2756 2757
25 2 2767 2768 2769 2770
26 2 2780 2781 2782 2783
27 2 2793 2794 2795 2796
28 2 2806 2807 2808 2809
29 2 2819 2820 2821 2822
30 2 2832 2833 2834 2835
31 2 2845 2846 2847 2848
32 2 2858 2859 2860 2861
33 2 2871 2872 2873 2874
34 2 2884 2885 2886 2887
35 2 2897 2898 2899 2900
36 2 2910 2911 2912 2913
37 2 2923 2924 2925 2926
38 2 2936 2937 2938 2939
39 2 2949 2950 2951 2952
40 2 2962 2963 2964 2965
41 2 2975 2976 2977 2978
42 2 2988 2989 2990 2991
43 2 3001 3002 3003 3004
44 2 3014 3015 3016 3017
45 2 3027 3028 3029 3030
46 2 3040 3041 3042 3043
47 2 3053 3054 3055 3056
48 2 3066 3067 3068 3069
49 2 3079 3080 3081 3082
50 2 3092 3093 3094 3095
51 2 3105 3106 3107 3108
52 2 3118 3119 3120 3121
53 2 3131 3132 3133 3134
54 2 3144 3145 3146 3147
55 2 3157 3158 3159 3160
56 2 3170 3171 3172 3173
57 2 3183 3184 3185 3186
58 2 3196 3197 3198 3199
59 2 3209 3210 3211 3212
60 2 3222 3223 3224 3225
61 2 3235 3236 3237 3238
62 2 3248 3249 3250 3251
63 2 3261 3262 3263 3264
64 2 3274 3275 3276 3277
65 2 3287 3288 3289 3290
66 2 3300 3301 3302 3303
67 2 3313 3314 3315 3316
68 2 3326 3327 3328 3329
69 2 3339 3340 3341 3342
70 2 3352 3353 3354 3355
71 2 3365 3366 3367 3368
72 2 3378 3379 3380 3381
73 2 3391 3392 3393 3394
74 2 3404 3405 3406 3407
75 2 3417 3418 3419 3420
76 2 3430 3431 3432 3433
77 2 3443 3444 3445 3446
78 2 3456 3457 3458 3459
79 2 3469 3470 3471 3472
80 2 3482 3483 3484 3485
81 2 3495 3496 3497 3498
82 2 3508 3509 3510 3511
83 2 3521 3522 3523 3524
84 2 3534 3535 3536 3537
85 2 3547 3548 3549 3550
86 2 3560 3561 3562 3563
87 2 3573 3574 3575 3576
88 2 3586 3587 3588 3589
89 2 3599 3600 3601 3602
90 2 3612 3613 3614 3615
91 2 3625 3626 3627 3628
92 2 3638 3639 3640 3641
93 2 3651 3652 3653 3654
94 2 3664 3665 3666 3667
95 2 3677 3678 3679 3680
96 2 3690 3691 3692 3693
97 2 3703 3704 3705 3706
98 2 3716 3717 3718 3719
99 2 3729 3730 3731 3732
100 2 3742 3743 3744 3745
101 2 2447 2448 2449 2450
102 2 2448 2449 2450 2451
103 2 2449 2450 2451 2452
104 2 2450 2451 2452 2453
105 2 2451 2452 2453 2454
106 2 2452 2453 2454 2455
107 2 2453 2454 2455 2456
108 2 2454 2455 2456 2457
109 2 2460 2461 2462 2463
110 2 2461 2462 2463 2464
111 2 2462 2463 2464 2465
112 2 2463 2464 2465 2466
113 2 2464 2465 2466 2467
114 2 2465 2466 2467 2468
115 2 2466 2467 2468 2469
116 2 2467 2468 2469 2470
117 2 2473 2474 2475 2476
118 2 2474 2475 2476 2477
119 2 2475 2476 2477 2478
120 2 2476 2477 2478 2479
121 2 2477 2478 2479 2480
122 2 2478 2479 2480 2481
123 2 2479 2480 2481 2482
124 2 2480 2481 2482 2483
125 2 2486 2487 2488 2489
126 2 2487 2488 2489 2490
127 2 2488 2489 2490 2491
128 2 2489 2490 2491 2492
129 2 2490 2491 2492 2493
130 2 2491 2492 2493 2494
131 2 2492 2493 2494 2495
132 2 2493 2494 2495 2496
133 2 2499 2500 2501 2502
134 2 2500 2501 2502 2503
135 2 2501 2502 2503 2504
136 2 2502 2503 2504 2505
137 2 2503 2504 2505 2506
138 2 2504 2505 2506 2507
139 2 2505 2506 2507 2508
140 2 2506 2507 2508 2509
141 2 2512 2513 2514 2515
142 2 2513 2514 2515 2516
143 2 2514 2515 2516 2517
144 2 2515 2516 2517 2518
145 2 2516 2517 2518 2519
146 2 2517 2518 2519 2520
147 2 2518 2519 2520 2521
148 2 2519 2520 2521 2522
149 2 2525 2526 2527 2528
150 2 2526 2527 2528 2529
151 2 2527 2528 2529 2530
152 2 2528 2529 2530 2531
153 2 2529 2530 2531 2532
154 2 2530 2531 2532 2533
155 2 2531 2532 2533 2534
156 2 2532 2533 2534 2535
157 2 2538 2539 2540 2541
158 2 2539 2540 2541 2542
159 2 2540 2541 2542 2543
160 2 2541 2542 2543 2544
161 2 2542 2543 2544 2545
162 2 2543 2544 2545 2546
163 2 2544 2545 2546 2547
164 2 2545 2546 2547 2548
165 2 2551 2552 2553 2554
166 2 2552 2553 2554 2555
167 2 2553 2554 2555 2556
168 2 2554 2555 2556 2557
169 2 2555 2556 2557 2558
170 2 2556 2557 2558 2559
171 2 2557 2558 2559 2560
172 2 2558 2559 2560 2561
173 2 2564 2565 2566 2567
174 2 2565 2566 2567 2568
175 2 2566 2567 2568 2569
176 2 2567 2568 2569 2570
177 2 2568 2569 2570 2571
178 2 2569 2570 2571 2572
179 2 2570 2571 2572 2573
180 2 2571 2572 2573 2574
181 2 2577 2578 2579 2580
182 2 2578 2579 2580 2581
183 2 2579 2580 2581 2582
184 2 2580 2581 2582 2583
185 2 2581 2582 2583 2584
186 2 2582 2583 2584 2585
187 2 2583 2584 2585 2586
188 2 2584 2585 2586 2587
189 2 2590 2591 2592 2593
190 2 2591 2592 2593 2594
191 2 2592 2593 2594 2595
192 2 2593 2594 2595 2596
193 2 2594 2595 2596 2597
194 2 2595 2596 2597 2598
195 2 2596 2597 2598 2599
196 2 2597 2598 2599 2600
197 2 2603 2604 2605 2606
198 2 2604 2605 2606 2607
199 2 2605 2606 2607 2608
200 2 2606 2607 2608 2609
201 2 2607 2608 2609 2610
202 2 2608 2609 2610 2611
203 2 2609 2610 2611 2612
204 2 2610 2611 2612 2613
205 2 2616 2617 2618 2619
206 2 2617 2618 2619 2620
207 2 2618 2619 2620 2621
208 2 2619 2620 2621 2622
209 2 2620 2621 2622 2623
210 2 2621 2622 2623 2624
211 2 2622 2623 2624 2625
212 2 2623 2624 2625 2626
213 2 2629 2630 2631 2632
214 2 2630 2631 2632 2633
215 2 2631 2632 2633 2634
216 2 2632 2633 2634 2635
217 2 2633 2634 2635 2636
218 2 2634 2635 2636 2637
219 2 2635 2636 2637 2638
220 2 2636 2637 2638 2639
221 2 2642 2643 2644 2645
222 2 2643 2644 2645 2646
223 2 2644 2645 2646 2647
224 2 2645 2646 2647 2648
225 2 2646 2647 2648 2649
226 2 2647 2648 2649 2650
227 2 2648 2649 2650 2651
228 2 2649 2650 2651 2652
229 2 2655 2656 2657 2658
230 2 2656 2657 2658 2659
231 2 2657 2658 2659 2660
232 2 2658 2659 2660 2661
233 2 2659 2660 2661 2662
234 2 2660 2661 2662 2663
235 2 2661 2662 2663 2664
236 2 2662 2663 2664 2665
237 2 2668 2669 2670 2671
238 2 2669 2670 2671 2672
239 2 2670 2671 2672 2673
240 2 2671 2672 2673 2674
241 2 2672 2673 2674 2675
242 2 2673 2674 2675 2676
243 2 2674 2675 2676 2677
244 2 2675 2676 2677 2678
245 2 2681 2682 2683 2684
246 2 2682 2683 2684 2685
247 2 2683 2684 2685 2686
248 2 2684 2685 2686 2687
249 2 2685 2686 2687 2688
250 2 2686 2687 2688 2689
251 2 2687 2688 2689 2690
252 2 2688 2689 2690 2691
253 2 2694 2695 2696 2697
254 2 2695 2696 2697 2698
255 2 2696 2697 2698 2699
256 2 2697 2698 2699 2700
257 2 2698 2699 2700 2701
258 2 2699 2700 2701 2702
259 2 2700 2701 2702 2703
260 2 2701 2702 2703 2704
261 2 2707 2708 2709 2710
262 2 2708 2709 2710 2711
263 2 2709 2710 2711 2712
264 2 2710 2711 2712 2713
265 2 2711 2712 2713 2714
266 2 2712 2713 2714 2715
267 2 2713 2714 2715 2716
268 2 2714 2715 2716 2717
269 2 2720 2721 2722 2723
270 2 2721 2722 2723 2724
271 2 2722 2723 2724 2725
272 2 2723 2724 2725 2726
273 2 2724 2725 2726 2727
274 2 2725 2726 2727 2728
275 2 2726 2727 2728 2729
276 2 2727 2728 2729 2730
277 2 2733 2734 2735 2736
278 2 2734 2735 2736 2737
279 2 2735 2736 2737 2738
280 2 2736 2737 2738 2739
281 2 2737 2738 2739 2740
282 2 2738 2739 2740 2741
283 2 2739 2740 2741 2742
284 2 2740 2741 2742 2743
285 2 2746 2747 2748 2749
286 2 2747 2748 2749 2750
287 2 2748 2749 2750 2751
288 2 2749 2750 2751 2752
289 2 2750 2751 2752 2753
290 2 2751 2752 2753 2754
291 2 2752 2753 2754 2755
292 2 2753 2754 2755 2756
293 2 2759 2760 2761 2762
294 2 2760 2761 2762 2763
295 2 2761 2762 2763 2764
296 2 2762 2763 2764 2765
297 2 2763 2764 2765 2766
298 2 2764 2765 2766 2767
299 2 2765 2766 2767 2768
300 2 2766 2767 2768 2769
301 2 2772 2773 2774 2775
302 2 2773 2774 2775 2776
303 2 2774 2775 2776 2777
304 2 2775 2776 2777 2778
305 2 2776 2777 2778 2779
306 2 2777 2778 2779 2780
307 2 2778 2779 2780 2781
308 2 2779 2780 2781 2782
309 2 2785 2786 2787 2788
310 2 2786 2787 2788 2789
311 2 2787 2788 2789 2790
312 2 2788 2789 2790 2791
313 2 2789 2790 2791 2792
314 2 2790 2791 2792 2793
315 2 2791 2792 2793 2794
316 2 2792 2793 2794 2795
317 2 2798 2799 2800 2801
318 2 2799 2800 2801 2802
319 2 2800 2801 2802 2803
320 2 2801 2802 2803 2804
321 2 2802 2803 2804 2805
322 2 2803 2804 2805 2806
323 2 2804 2805 2806 2807
324 2 2805 2806 2807 2808
325 2 2811 2812 2813 2814
326 2 2812 2813 2814 2815
327 2 2813 2814 2815 2816
328 2 2814 2815 2816 2817
329 2 2815 2816 2817 2818
330 2 2816 2817 2818 2819
331 2 2817 2818 2819 2820
332 2 2818 2819 2820 2821
333 2 2824 2825 2826 2827
334 2 2825 2826 2827 2828
335 2 2826 2827 2828 2829
336 2 2827 2828 2829 2830
337 2 2828 2829 2830 2831
338 2 2829 2830 2831 2832
339 2 2830 2831 2832 2833
340 2 2831 2832 2833 2834
341 2 2837 2838 2839 2840
342 2 2838 2839 2840 2841
343 2 2839 2840 2841 2842
344 2 2840 2841 2842 2843
345 2 2841 2842 2843 2844
346 2 2842 2843 2844 2845
347 2 2843 2844 2845 2846
348 2 2844 2845 2846 2847
349 2 2850 2851 2852 2853
350 2 2851 2852 2853 2854
351 2 2852 2853 2854 2855
352 2 2853 2854 2855 2856
353 2 2854 2855 2856 2857
354 2 2855 2856 2857 2858
355 2 2856 2857 2858 2859
356 2 2857 2858 2859 2860
357 2 2863 2864 2865 2866
358 2 2864 2865 2866 2867
359 2 2865 2866 2867 2868
360 2 2866 2867 2868 2869
361 2 2867 2868 2869 2870
362 2 2868 2869 2870 2871
363 2 2869 2870 2871 2872
364 2 2870 2871 2872 2873
365 2 2876 2877 2878 2879
366 2 2877 2878 2879 2880
367 2 2878 2879 2880 2881
368 2 2879 2880 2881 2882
369 2 2880 2881 2882 2883
370 2 2881 2882 2883 2884
371 2 2882 2883 2884 2885
372 2 2883 2884 2885 2886
373 2 2889 2890 2891 2892
374 2 2890 2891 2892 2893
375 2 2891 2892 2893 2894
376 2 2892 2893 2894 2895
377 2 2893 2894 2895 2896
378 2 2894 2895 2896 2897
379 2 2895 2896 2897 2898
380 2 2896 2897 2898 2899
381 2 2902 2903 2904 2905
382 2 2903 2904 2905 2906
383 2 2904 2905 2906 2907
384 2 2905 2906 2907 2908
385 2 2906 2907 2908 2909
386 2 2907 2908 2909 2910
387 2 2908 2909 2910 2911
388 2 2909 2910 2911 2912
389 2 2915 2916 2917 2918
390 2 2916 2917 2918 2919
391 2 2917 2918 2919 2920
392 2 2918 2919 2920 2921
393 2 2919 2920 2921 2922
394 2 2920 2921 2922 2923
395 2 2921 2922 2923 2924
396 2 2922 2923 2924 2925
397 2 2928 2929 2930 2931
398 2 2929 2930 2931 2932
399 2 2930 2931 2932 2933
400 2 2931 2932 2933 2934
401 2 2932 2933 2934 2935
402 2 2933 2934 2935 2936
403 2 2934 2935 2936 2937
404 2 2935 2936 2937 2938
405 2 2941 2942 2943 2944
406 2 2942 2943 2944 2945
407 2 2943 2944 2945 2946
408 2 2944 2945 2946 2947
409 2 2945 2946 2947 2948
410 2 2946 2947 2948 2949
411 2 2947 2948 2949 2950
412 2 2948 2949 2950 2951
413 2 2954 2955 2956 2957
414 2 2955 2956 2957 2958
415 2 2956 2957 2958 2959
416 2 2957 2958 2959 2960
417 2 2958 2959 2960 2961
418 2 2959 2960 2961 2962
419 2 2960 2961 2962 2963
420 2 2961 2962 2963 2964
421 2 2967 2968 2969 2970
422 2 2968 2969 2970 2971
423 2 2969 2970 2971 2972
424 2 2970 2971 2972 2973
425 2 2971 2972 2973 2974
426 2 2972 2973 2974 2975
427 2 2973 2974 2975 2976
428 2 2974 2975 2976 2977
429 2 2980 2981 2982 2983
430 2 2981 2982 2983 2984
431 2 2982 2983 2984 2985
432 2 2983 2984 2985 2986
433 2 2984 2985 2986 2987
434 2 2985 2986 2987 2988
435 2 2986 2987 2988 2989
436 2 2987 2988 2989 2990
437 2 2993 2994 2995 2996
438 2 2994 2995 2996 2997
439 2 2995 2996 2997 2998
440 2 2996 2997 2998 2999
441 2 2997 2998 2999 3000
442 2 2998 2999 3000 3001
443 2 2999 3000 3001 3002
444 2 3000 3001 3002 3003
445 2 3006 3007 3008 3009
446 2 3007 3008 3009 3010
447 2 3008 3009 3010 3011
448 2 3009 3010 3011 3012
449 2 3010 3011 3012 3013
450 2 3011 3012 3013 3014
451 2 3012 3013 3014 3015
452 2 3013 3014 3015 3016
453 2 3019 3020 3021 3022
454 2 3020 3021 3022 3023
455 2 3021 3022 3023 3024
456 2 3022 3023 3024 3025
457 2 3023 3024 3025 3026
458 2 3024 3025 3026 3027
459 2 3025 3026 3027 3028
460 2 3026 3027 3028 3029
461 2 3032 3033 3034 3035
462 2 3033 3034 3035 3036
463 2 3034 3035 3036 3037
464 2 3035 3036 3037 3038
465 2 3036 3037 3038 3039
466 2 3037 3038 3039 3040
467 2 3038 3039 3040 3041
468 2 3039 3040 3041 3042
469 2 3045 3046 3047 3048
470 2 3046 3047 3048 3049
471 2 3047 3048 3049 3050
472 2 3048 3049 3050 3051
473 2 3049 3050 3051 3052
474 2 3050 3051 3052 3053
475 2 3051 3052 3053 3054
476 2 3052 3053 3054 3055
477 2 3058 3059 3060 3061
478 2 3059 3060 3061 3062
479 2 3060 3061 3062 3063
480 2 3061 3062 3063 3064
481 2 3062 3063 3064 3065
482 2 3063 3064 3065 3066
483 2 3064 3065 3066 3067
484 2 3065 3066 3067 3068
485 2 3071 3072 3073 3074
486 2 3072 3073 3074 3075
487 2 3073 3074 3075 3076
488 2 3074 3075 3076 3077
489 2 3075 3076 3077 3078
490 2 3076 3077 3078 3079
491 2 3077 3078 3079 3080
492 2 3078 3079 3080 3081
493 2 3084 3085 3086 3087
494 2 3085 3086 3087 3088
495 2 3086 3087 3088 3089
496 2 3087 3088 3089 3090
497 2 3088 3089 3090 3091
498 2 3089 3090 3091 3092
499 2 3090 3091 3092 3093
500 2 3091 3092 3093 3094
501 2 3097 3098 3099 3100
502 2 3098 3099 3100 3101
503 2 3099 3100 3101 3102
504 2 3100 3101 3102 3103
505 2 3101 3102 3103 3104
506 2 3102 3103 3104 3105
507 2 3103 3104 3105 3106
508 2 3104 3105 3106 3107
509 2 3110 3111 3112 3113
510 2 3111 3112 3113 3114
511 2 3112 3113 3114 3115
512 2 3113 3114 3115 3116
513 2 3114 3115 3116 3117
514 2 3115 3116 3117 3118
515 2 3116 3117 3118 3119
516 2 3117 3118 3119 3120
517 2 3123 3124 3125 3126
518 2 3124 3125 3126 3127
519 2 3125 3126 3127 3128
520 2 3126 3127 3128 3129
521 2 3127 3128 3129 3130
522 2 3128 3129 3130 3131
523 2 3129 3130 3131 3132
524 2 3130 3131 3132 3133
525 2 3136 3137 3138 3139
526 2 3137 3138 3139 3140
527 2 3138 3139 3140 3141
528 2 3139 3140 3141 3142
529 2 3140 3141 3142 3143
530 2 3141 3142 3143 3144
531 2 3142 3143 3144 3145
532 2 3143 3144 3145 3146
533 2 3149 3150 3151 3152
534 2 3150 3151 3152 3153
535 2 3151 3152 3153 3154
536 2 3152 3153 3154 3155
537 2 3153 3154 3155 3156
538 2 3154 3155 3156 3157
539 2 3155 3156 3157 3158
540 2 3156 3157 3158 3159
541 2 3162 3163 3164 3165
542 2 3163 3164 3165 3166
543 2 3164 3165 3166 3167
544 2 3165 3166 3167 3168
545 2 3166 3167 3168 3169
546 2 3167 3168 3169 3170
547 2 3168 3169 3170 3171
548 2 3169 3170 3171 3172
549 2 3175 3176 3177 3178
550 2 3176 3177 3178 3179
551 2 3177 3178 3179 3180
552 2 3178 3179 3180 3181
553 2 3179 3180 3181 3182
554 2 3180 3181 3182 3183
555 2 3181 3182 3183 3184
556 2 3182 3183 3184 3185
557 2 3188 3189 3190 3191
558 2 3189 3190 3191 3192
559 2 3190 3191 3192 3193
560 2 3191 3192 3193 3194
561 2 3192 3193 3194 3195
562 2 3193 3194 3195 3196
563 2 3194 3195 3196 3197
564 2 3195 3196 3197 3198
565 2 3201 3202 3203 3204
566 2 3202 3203 3204 3205
567 2 3203 3204 3205 3206
568 2 3204 3205 3206 3207
569 2 3205 3206 3207 3208
570 2 3206 3207 3208 3209
571 2 3207 3208 3209 3210
572 2 3208 3209 3210 3211
573 2 3214 3215 3216 3217
574 2 3215 3216 3217 3218
575 2 3216 3217 3218 3219
576 2 3217 3218 3219 3220
577 2 3218 3219 3220 3221
578 2 3219 3220 3221 3222
579 2 3220 3221 3222 3223
580 2 3221 3222 3223 3224
581 2 3227 3228 3229 3230
582 2 3228 3229 3230 3231
583 2 3229 3230 3231 3232
584 2 3230 3231 3232 3233
585 2 3231 3232 3233 3234
586 2 3232 3233 3234 3235
587 2 3233 3234 3235 3236
588 2 3234 3235 3236 3237
589 2 3240 3241 3242 3243
590 2 3241 3242 3243 3244
591 2 3242 3243 3244 3245
592 2 3243 3244 3245 3246
593 2 3244 3245 3246 3247
594 2 3245 3246 3247 3248
595 2 3246 3247 3248 3249
596 2 3247 3248 3249 3250
597 2 3253 3254 3255 3256
598 2 3254 3255 3256 3257
599 2 3255 3256 3257 3258
600 2 3256 3257 3258 3259
601 2 3257 3258 3259 3260
602 2 3258 3259 3260 3261
603 2 3259 3260 3261 3262
604 2 3260 3261 3262 3263
605 2 3266 3267 3268 3269
606 2 3267 3268 3269 3270
607 2 3268 3269 3270 3271
608 2 3269 3270 3271 3272
609 2 3270 3271 3272 3273
610 2 3271 3272 3273 3274
611 2 3272 3273 3274 3275
612 2 3273 3274 3275 3276
613 2 3279 3280 3281 3282
614 2 3280 3281 3282 3283
615 2 3281 3282 3283 3284
616 2 3282 3283 3284 3285
617 2 3283 3284 3285 3286
618 2 3284 3285 3286 3287
619 2 3285 3286 3287 3288
620 2 3286 3287 3288 3289
621 2 3292 3293 3294 3295
622 2 3293 3294 3295 3296
623 2 3294 3295 3296 3297
624 2 3295 3296 3297 3298
625 2 3296 3297 3298 3299
626 2 3297 3298 3299 3300
627 2 3298 3299 3300 3301
628 2 3299 3300 3301 3302
629 2 3305 3306 3307 3308
630 2 3306 3307 3308 3309
631 2 3307 3308 3309 3310
632 2 3308 3309 3310 3311
633 2 3309 3310 3311 3312
634 2 3310 3311 3312 3313
635 2 3311 3312 3313 3314
636 2 3312 3313 3314 3315
637 2 3318 3319 3320 3321
638 2 3319 3320 3321 3322
639 2 3320 3321 3322 3323
640 2 3321 3322 3323 3324
641 2 3322 3323 3324 3325
642 2 3323 3324 3325 3326
643 2 3324 3325 3326 3327
644 2 3325 3326 3327 3328
645 2 3331 3332 3333 3334
646 2 3332 3333 3334 3335
647 2 3333 3334 3335 3336
648 2 3334 3335 3336 3337
649 2 3335 3336 3337 3338
650 2 3336 3337 3338 3339
651 2 3337 3338 3339 3340
652 2 3338 3339 3340 3341
653 2 3344 3345 3346 3347
654 2 3345 3346 3347 3348
655 2 3346 3347 3348 3349
656 2 3347 3348 3349 3350
657 2 3348 3349 3350 3351
658 2 3349 3350 3351 3352
659 2 3350 3351 3352 3353
660 2 3351 3352 3353 3354
661 2 3357 3358 3359 3360
662 2 3358 3359 3360 3361
663 2 3359 3360 3361 3362
664 2 3360 3361 3362 3363
665 2 3361 3362 3363 3364
666 2 3362 3363 3364 3365
667 2 3363 3364 3365 3366
668 2 3364 3365 3366 3367
669 2 3370 3371 3372 3373
670 2 3371 3372 3373 3374
671 2 3372 3373 3374 3375
672 2 3373 3374 3375 3376
673 2 3374 3375 3376 3377
674 2 3375 3376 3377 3378
675 2 3376 3377 3378 3379
676 2 3377 3378 3379 3380
677 2 3383 3384 3385 3386
678 2 3384 3385 3386 3387
679 2 3385 3386 3387 3388
680 2 3386 3387 3388 3389
681 2 3387 3388 3389 3390
682 2 3388 3389 3390 3391
683 2 3389 3390 3391 3392
684 2 3390 3391 3392 3393
685 2 3396 3397 3398 3399
686 2 3397 3398 3399 3400
687 2 3398 3399 3400 3401
688 2 3399 3400 3401 3402
689 2 3400 3401 3402 3403
690 2 3401 3402 3403 3404
691 2 3402 3403 3404 3405
692 2 3403 3404 3405 3406
693 2 3409 3410 3411 3412
694 2 3410 3411 3412 3413
695 2 3411 3412 3413 3414
696 2 3412 3413 3414 3415
697 2 3413 3414 3415 3416
698 2 3414 3415 3416 3417
699 2 3415 3416 3417 3418
700 2 3416 3417 3418 3419
701 2 3422 3423 3424 3425
702 2 3423 3424 3425 3426
703 2 3424 3425 3426 3427
704 2 3425 3426 3427 3428
705 2 3426 3427 3428 3429
706 2 3427 3428 3429 3430
707 2 3428 3429 3430 3431
708 2 3429 3430 3431 3432
709 2 3435 3436 3437 3438
710 2 3436 3437 3438 3439
711 2 3437 3438 3439 3440
712 2 3438 3439 3440 3441
713 2 3439 3440 3441 3442
714 2 3440 3441 3442 3443
715 2 3441 3442 3443 3444
716 2 3442 3443 3444 3445
717 2 3448 3449 3450 3451
718 2 3449 3450 3451 3452
719 2 3450 3451 3452 3453
720 2 3451 3452 3453 3454
721 2 3452 3453 3454 3455
722 2 3453 3454 3455 3456
723 2 3454 3455 3456 3457
724 2 3455 3456 3457 3458
725 2 3461 3462 3463 3464
726 2 3462 3463 3464 3465
727 2 3463 3464 3465 3466
728 2 3464 3465 3466 3467
729 2 3465 3466 3467 3468
730 2 3466 3467 3468 3469
731 2 3467 3468 3469 3470
732 2 3468 3469 3470 3471
733 2 3474 3475 3476 3477
734 2 3475 3476 3477 3478
735 2 3476 3477 3478 3479
736 2 3477 3478 3479 3480
737 2 3478 3479 3480 3481
738 2 3479 3480 3481 3482
739 2 3480 3481 3482 3483
740 2 3481 3482 3483 3484
741 2 3487 3488 3489 3490
742 2 3488 3489 3490 3491
743 2 3489 3490 3491 3492
744 2 3490 3491 3492 3493
745 2 3491 3492 3493 3494
746 2 3492 3493 3494 3495
747 2 3493 3494 3495 3496
748 2 3494 3495 3496 3497
749 2 3500 3501 3502 3503
750 2 3501 3502 3503 3504
751 2 3502 3503 3504 3505
752 2 3503 3504 3505 3506
753 2 3504 3505 3506 3507
754 2 3505 3506 3507 3508
755 2 3506 3507 3508 3509
756 2 3507 3508 3509 3510
757 2 3513 3514 3515 3516
758 2 3514 3515 3516 3517
759 2 3515 3516 3517 3518
760 2 3516 3517 3518 3519
761 2 3517 3518 3519 3520
762 2 3518 3519 3520 3521
763 2 3519 3520 3521 3522
764 2 3520 3521 3522 3523
765 2 3526 3527 3528 3529
766 2 3527 3528 3529 3530
767 2 3528 3529 3530 3531
768 2 3529 3530 3531 3532
769 2 3530 3531 3532 3533
770 2 3531 3532 3533 3534
771 2 3532 3533 3534 3535
772 2 3533 3534 3535 3536
773 2 3539 3540 3541 3542
774 2 3540 3541 3542 3543
775 2 3541 3542 3543 3544
776 2 3542 3543 3544 3545
777 2 3543 3544 3545 3546
778 2 3544 3545 3546 3547
779 2 3545 3546 3547 3548
780 2 3546 3547 3548 3549
781 2 3552 3553 3554 3555
782 2 3553 3554 3555 3556
783 2 3554 3555 3556 3557
784 2 3555 3556 3557 3558
785 2 3556 3557 3558 3559
786 2 3557 3558 3559 3560
787 2 3558 3559 3560 3561
788 2 3559 3560 3561 3562
789 2 3565 3566 3567 3568
790 2 3566 3567 3568 3569
791 2 3567 3568 3569 3570
792 2 3568 3569 3570 3571
793 2 3569 3570 3571 3572
794 2 3570 3571 3572 3573
795 2 3571 3572 3573 3574
796 2 3572 3573 3574 3575
797 2 3578 3579 3580 3581
798 2 3579 3580 3581 3582
799 2 3580 3581 3582 3583
800 2 3581 3582 3583 3584
801 2 3582 3583 3584 3585
802 2 3583 3584 3585 3586
803 2 3584 3585 3586 3587
804 2 3585 3586 3587 3588
805 2 3591 3592 3593 3594
806 2 3592 3593 3594 3595
807 2 3593 3594 3595 3596
808 2 3594 3595 3596 3597
809 2 3595 3596 3597 3598
810 2 3596 3597 3598 3599
811 2 3597 3598 3599 3600
812 2 3598 3599 3600 3601
813 2 3604 3605 3606 3607
814 2 3605 3606 3607 3608
815 2 3606 3607 3608 3609
816 2 3607 3608 3609 3610
817 2 3608 3609 3610 3611
818 2 3609 3610 3611 3612
819 2 3610 3611 3612 3613
820 2 3611 3612 3613 3614
821 2 3617 3618 3619 3620
822 2 3618 3619 3620 3621
823 2 3619 3620 3621 3622
824 2 3620 3621 3622 3623
825 2 3621 3622 3623 3624
826 2 3622 3623 3624 3625
827 2 3623 3624 3625 3626
828 2 3624 3625 3626 3627
829 2 3630 3631 3632 3633
830 2 3631 3632 3633 3634
831 2 3632 3633 3634 3635
832 2 3633 3634 3635 3636
833 2 3634 3635 3636 3637
834 2 3635 3636 3637 3638
835 2 3636 3637 3638 3639
836 2 3637 3638 3639 3640
837 2 3643 3644 3645 3646
838 2 3644 3645 3646 3647
839 2 3645 3646 3647 3648
840 2 3646 3647 3648 3649
841 2 3647 3648 3649 3650
842 2 3648 3649 3650 3651
843 2 3649 3650 3651 3652
844 2 3650 3651 3652 3653
845 2 3656 3657 3658 3659
846 2 3657 3658 3659 3660
847 2 3658 3659 3660 3661
848 2 3659 3660 3661 3662
849 2 3660 3661 3662 3663
850 2 3661 3662 3663 3664
851 2 3662 3663 3664 3665
852 2 3663 3664 3665 3666
853 2 3669 3670 3671 3672
854 2 3670 3671 3672 3673
855 2 3671 3672 3673 3674
856 2 3672 3673 3674 3675
857 2 3673 3674 3675 3676
858 2 3674 3675 3676 3677
859 2 3675 3676 3677 3678
860 2 3676 3677 3678 3679
861 2 3682 3683 3684 3685
862 2 3683 3684 3685 3686
863 2 3684 3685 3686 3687
864 2 3685 3686 3687 3688
865 2 3686 3687 3688 3689
866 2 3687 3688 3689 3690
867 2 3688 3689 3690 3691
868 2 3689 3690 3691 3692
869 2 3695 3696 3697 3698
870 2 3696 3697 3698 3699
871 2 3697 3698 3699 3700
872 2 3698 3699 3700 3701
873 2 3699 3700 3701 3702
874 2 3700 3701 3702 3703
875 2 3701 3702 3703 3704
876 2 3702 3703 3704 3705
877 2 3708 3709 3710 3711
878 2 3709 3710 3711 3712
879 2 3710 3711 3712 3713
880 2 3711 3712 3713 3714
881 2 3712 3713 3714 3715
882 2 3713 3714 3715 3716
883 2 3714 3715 3716 3717
884 2 3715 3716 3717 3718
885 2 3721 3722 3723 3724
886 2 3722 3723 3724 3725
887 2 3723 3724 3725 3726
888 2 3724 3725 3726 3727
889 2 3725 3726 3727 3728
890 2 3726 3727 3728 3729
891 2 3727 3728 3729 3730
892 2 3728 3729 3730 3731
893 2 3734 3735 3736 3737
894 2 3735 3736 3737 3738
895 2 3736 3737 3738 3739
896 2 3737 3738 3739 3740
897 2 3738 3739 3740 3741
898 2 3739 3740 3741 3742
899 2 3740 3741 3742 3743
900 2 3741 3742 3743 3744
901 3 2446 2447 2448 2449
902 3 2459 2460 2461 2462
903 3 2472 2473 2474 2475
904 3 2485 2486 2487 2488
905 3 2498 2499 2500 2501
906 3 2511 2512 2513 2514
907 3 2524 2525 2526 2527
908 3 2537 2538 2539 2540
909 3 2550 2551 2552 2553
910 3 2563 2564 2565 2566
911 3 2576 2577 2578 2579
912 3 2589 2590 2591 2592
913 3 2602 2603 2604 2605
914 3 2615 2616 2617 2618
915 3 2628 2629 2630 2631
916 3 2641 2642 2643 2644
917 3 2654 2655 2656 2657
918 3 2667 2668 2669 2670
919 3 2680 2681 2682 2683
920 3 2693 2694 2695 2696
921 3 2706 2707 2708 2709
922 3 2719 2720 2721 2722
923 3 2732 2733 2734 2735
924 3 2745 2746 2747 2748
925 3 2758 2759 2760 2761
926 3 2771 2772 2773 2774
927 3 2784 2785 2786 2787
928 3 2797 2798 2799 2800
929 3 2810 2811 2812 2813
930 3 2823 2824 2825 2826
931 3 2836 2837 2838 2839
932 3 2849 2850 2851 2852
933 3 2862 2863 2864 2865
934 3 2875 2876 2877 2878
935 3 2888 2889 2890 2891
936 3 2901 2902 2903 2904
937 3 2914 2915 2916 2917
938 3 2927 2928 2929 2930
939 3 2940 2941 2942 2943
940 3 2953 2954 2955 2956
941 3 2966 2967 2968 2969
942 3 2979 2980 2981 2982
943 3 2992 2993 2994 2995
944 3 3005 3006 3007 3008
945 3 3018 3019 3020 3021
946 3 3031 3032 3033 3034
947 3 3044 3045 3046 3047
948 3 3057 3058 3059 3060
949 3 3070 3071 3072 3073
950 3 3083 3084 3085 3086
951 3 3096 3097 3098 3099
952 3 3109 3110 3111 3112
953 3 3122 3123 3124 3125
954 3 3135 3136 3137 3138
955 3 3148 3149 3150 3151
956 3 3161 3162 3163 3164
957 3 3174 3175 3176 3177
958 3 3187 3188 3189 3190
959 3 3200 3201 3202 3203
960 3 3213 3214 3215 3216
961 3 3226 3227 3228 3229
962 3 3239 3240 3241 3242
963 3 3252 3253 3254 3255
964 3 3265 3266 3267 3268
965 3 3278 3279 3280 3281
966 3 3291 3292 3293 3294
967 3 3304 3305 3306 3307
968 3 3317 3318 3319 3320
969 3 3330 3331 3332 3333
970 3 3343 3344 3345 3346
971 3 3356 3357 3358 3359
972 3 3369 3370 3371 3372
973 3 3382 3383 3384 3385
974 3 3395 3396 3397 3398
975 3 3408 3409 3410 3411
976 3 3421 3422 3423 3424
977 3 3434 3435 3436 3437
978 3 3447 3448 3449 3450
979 3 3460 3461 3462 3463
980 3 3473 3474 3475 3476
981 3 3486 3487 3488 3489
982 3 3499 3500 3501 3502
983 3 3512 3513 3514 3515
984 3 3525 3526 3527 3528
985 3 3538 3539 3540 3541
986 3 3551 3552 3553 3554
987 3 3564 3565 3566 3567
988 3 3577 3578 3579 3580
989 3 3590 3591 3592 3593
990 3 3603 3604 3605 3606
991 3 3616 3617 3618 3619
992 3 3629 3630 3631 3632
993 3 3642 3643 3644 3645
994 3 3655 3656 3657 3658
995 3 3668 3669 3670 3671
996 3 3681 3682 3683 3684
997 3 3694 3695 3696 3697
998 3 3707 3708 3709 3710
999 3 3720 3721 3722 3723
1000 3 3733 3734 3735 3736
1001 4 3747 3748 3749 3750
1002 4 3752 3753 3754 3755
1003 4 3757 3758 3759 3760
1004 4 3762 3763 3764 3765
1005 4 3767 3768 3769 3770
1006 4 3772 3773 3774 3775
1007 4 3777 3778 3779 3780
1008 4 3782 3783 3784 3785
1009 4 3787 3788 3789 3790
1010 4 3792 3793 3794 3795
1011 4 3797 3798 3799 3800
1012 4 3802 3803 3804 3805
1013 4 3807 3808 3809 3810
1014 4 3812 3813 3814 3815
1015 4 3817 3818 3819 3820
1016 4 3822 3823 3824 3825
1017 4 3827 3828 3829 3830
1018 4 3832 3833 3834 3835
1019 4 3837 3838 3839 3840
1020 4 3842 3843 3844 3845
1021 4 3847 3848 3849 3850
1022 4 3852 3853 3854 3855
1023 4 3857 3858 3859 3860
1024 4 3862 3863 3864 3865
1025 4 3867 3868 3869 3870
1026 4 3872 3873 3874 3875
1027 4 3877 3878 3879 3880
1028 4 3882 3883 3884 3885
1029 4 3887 3888 3889 3890
1030 4 3892 3893 3894 3895
1031 4 3897 3898 3899 3900
1032 4 3902 3903 3904 3905
1033 4 3907 3908 3909 3910
1034 4 3912 3913 3914 3915
1035 4 3917 3918 3919 3920
1036 4 3922 3923 3924 3925
1037 4 3927 3928 3929 3930
1038 4 3932 3933 3934 3935
1039 4 3937 3938 3939 3940
1040 4 3942 3943 3944 3945
1041 4 3947 3948 3949 3950
1042 4 3952 3953 3954 3955
1043 4 3957 3958 3959 3960
1044 4 3962 3963 3964 3965
1045 4 3967 3968 3969 3970
1046 4 3972 3973 3974 3975
1047 4 3977 3978 3979 3980
1048 4 3982 3983 3984 3985
1049 4 3987 3988 3989 3990
1050 4 3992 3993 3994 3995
1051 4 3997 3998 3999 4000
1052 4 4002 4003 4004 4005
1053 4 4007 4008 4009 4010
1054 4 4012 4013 4014 4015
1055 4 4017 4018 4019 4020
1056 4 4022 4023 4024 4025
1057 4 4027 4028 4029 4030
1058 4 4032 4033 4034 4035
1059 4 4037 4038 4039 4040
1060 4 4042 4043 4044 4045
1061 4 4047 4048 4049 4050
1062 4 4052 4053 4054 4055
1063 4 4057 4058 4059 4060
1064 4 4062 4063 4064 4065
1065 4 4067 4068 4069 4070
1066 4 4072 4073 4074 4075
1067 4 4077 4078 4079 4080
1068 4 4082 4083 4084 4085
1069 4 4087 4088 4089 4090
1070 4 4092 4093 4094 4095
1071 4 4097 4098 4099 4100
1072 4 4102 4103 4104 4105
1073 4 4107 4108 4109 4110
1074 4 4112 4113 4114 4115
1075 4 4117 4118 4119 4120
1076 4 4122 4123 4124 4125
1077 4 4127 4128 4129 4130
1078 4 4132 4133 4134 4135
1079 4 4137 4138 4139 4140
1080 4 4142 4143 4144 4145
1081 4 4147 4148 4149 4150
1082 4 4152 4153 4154 4155
1083 4 4157 4158 4159 4160
1084 4 4162 4163 4164 4165
1085 4 4167 4168 4169 4170
1086 4 4172 4173 4174 4175
1087 4 4177 4178 4179 4180
1088 4 4182 4183 4184 4185
1089 4 4187 4188 4189 4190
1090 4 4192 4193 4194 4195
1091 4 4197 4198 4199 4200
1092 4 4202 4203 4204 4205
1093 4 4207 4208 4209 4210
1094 4 4212 4213 4214 4215
1095 4 4217 4218 4219 4220
1096 4 4222 4223 4224 4225
1097 4 4227 4228 4229 4230
1098 4 4232 4233 4234 4235
1099 4 4237 4238 4239 4240
1100 4 4242 4243 4244 4245
